2026 Clinical Diagnostic Laboratory Fee Schedule
CPT codes, descriptions and other data only are copyright 2026 American Medical Association. All rights reserved. CPT is a registered trademark of the American Medical Association.
The Department of Health and Human Services is planning for the federal Public Health Emergency for COVID-19 (PHE), declared under Section 319 of the Public Health Service Act, to expire at the end of the day on May 11, 2023. Because of the termination of the PHE, HCPCS codes G2023, G2024, U0003, U0004, and U0005 will no longer be payable for dates of service on or after May 12, 2023, and the HCPCS codes will be terminated.

YEAR,HCPCS,MOD,EFF_DATE,INDICATOR,RATE,SHORTDESC,LONGDESC,EXTENDEDLONGDESC
2026,0001U,,20260101,N,00720.00,Rbc dna hea 35 ag 11 bld grp,Red blood cell typing,"Red blood cell antigen typing, dna, human erythrocyte antigen gene analysis of 35 antigens from 11 blood groups, utilizing whole blood, common rbc alleles reported"
2026,0002M,,20260101,N,00503.40,Liver dis 10 assays w/ash,"Molecular pathology test for liver disease, including alcohol liver disease","Liver disease, ten biochemical assays (alt, a2-macroglobulin, apolipoprotein a-1, total bilirubin, ggt, haptoglobin, ast, glucose, total cholesterol and triglycerides) utilizing serum, prognostic algorithm reported as quantitative scores for fibrosis, steatosis and alcoholic steatohepatitis (ash)"
2026,0002U,,20260101,N,00025.00,Onc clrct 3 ur metab alg plp,Measurement of substances in urine to predict likelihood of polyps in large,"Oncology (colorectal), quantitative assessment of three urine metabolites (ascorbic acid, succinic acid and carnitine) by liquid chromatography with tandem mass spectrometry (lc-ms/ms) using multiple reaction monitoring acquisition, algorithm reported as likelihood of adenomatous polyps"
2026,0003M,,20260101,N,00503.40,Liver dis 10 assays w/nash,"Molecular pathology test for liver disease, including non-alcohol liver disease","Liver disease, ten biochemical assays (alt, a2-macroglobulin, apolipoprotein a-1, total bilirubin, ggt, haptoglobin, ast, glucose, total cholesterol and triglycerides) utilizing serum, prognostic algorithm reported as quantitative scores for fibrosis, steatosis and nonalcoholic steatohepatitis (nash)"
2026,0003U,,20260101,N,00950.00,Onc ovar 5 prtn ser alg scor,Measurement of proteins associated with ovarian cancer in serum,"Oncology (ovarian) biochemical assays of five proteins (apolipoprotein a-1, ca 125 ii, follicle stimulating hormone, human epididymis protein 4, transferrin), utilizing serum, algorithm reported as a likelihood score"
2026,0004M,,20260101,N,00079.00,Scoliosis dna alys,Molecular pathology test for genetic analysis of curved spine deformity,"Scoliosis, dna analysis of 53 single nucleotide polymorphisms (snps), using saliva, prognostic algorithm reported as a risk score"
2026,0005U,,20260101,N,00760.00,Onco prst8 3 gene ur alg,Test for detecting genes associated with prostate cancer in urine,"Oncology (prostate) gene expression profile by real-time rt-pcr of 3 genes (erg, pca3, and spdef), urine, algorithm reported as risk score"
2026,0006M,,20260101,N,00150.00,Onc hep gene risk classifier,Molecular pathology test for genetic analysis of liver tumor (HeproDX),"Oncology (hepatic), mrna expression levels of 161 genes, utilizing fresh hepatocellular carcinoma tumor tissue, with alpha-fetoprotein level, algorithm reported as a risk classifier"
2026,0007M,,20260101,N,00375.00,Onc gastro 51 gene nomogram,Molecular pathology test for genetic analysis of tumors in the digestive system,"Oncology (gastrointestinal neuroendocrine tumors), real-time pcr expression analysis of 51 genes, utilizing whole peripheral blood, algorithm reported as a nomogram of tumor disease index"
2026,0007U,,20260101,N,00114.43,Rx test prsmv ur w/def conf,Testing for presence of drug in urine,"Drug test(s), presumptive, with definitive confirmation of positive results, any number of drug classes, urine, includes specimen verification including dna authentication in comparison to buccal dna, per date of service"
2026,0008U,,20260101,N,00597.91,Hpylori detcj abx rstnc dna,Test for detecting Helicobacter pylori genes associated with antibiotic,"Helicobacter pylori detection and antibiotic resistance, dna, 16s and 23s rrna, gyra, pbp1, rdxa and rpob, next generation sequencing, formalin-fixed paraffin embedded or fresh tissue or fecal sample, predictive, reported as positive or negative for resistance to clarithromycin, fluoroquinolones, metronidazole, amoxicillin, tetracycline and rifabutin"
2026,0009U,,20260101,N,00107.00,Onc brst ca erbb2 amp/nonamp,Gene analysis of breast tumor tissue,"Oncology (breast cancer), erbb2 (her2) copy number by fish, tumor cells from formalin fixed paraffin embedded tissue isolated using image-based dielectrophoresis (dep) sorting, reported as erbb2 gene amplified or non-amplified"
2026,0010U,,20260101,N,00427.26,Nfct ds strn typ whl gen seq,Typing of bacterial strain,"Infectious disease (bacterial), strain typing by whole genome sequencing, phylogenetic-based report of strain relatedness, per submitted isolate"
2026,0011M,,20260101,N,00760.00,Onc prst8 ca mrna 12 gen alg,Molecular pathology test for genetic analysis of prostate tumor (NeoLAB,"Oncology, prostate cancer, mrna expression assay of 12 genes (10 content and 2 housekeeping), rt-pcr test utilizing blood plasma and urine, algorithms to predict high-grade prostate cancer risk"
2026,0011U,,20260101,N,00114.43,Rx mntr lc-ms/ms oral fluid,Prescription drug monitoring in oral fluid,"Prescription drug monitoring, evaluation of drugs present by lc-ms/ms, using oral fluid, reported as a comparison to an estimated steady-state range, per date of service including all drug compounds and metabolites"
2026,0012M,,20260101,N,00760.00,Onc mrna 5 gen rsk urthl ca,Molecular pathology test for genetic analysis of bladder tumor (Cxbladder,"Oncology (urothelial), mrna, gene expression profiling by real-time quantitative pcr of five genes (mdk, hoxa13, cdc2 [cdk1], igfbp5, and cxcr2), utilizing urine, algorithm reported as a risk score for having urothelial carcinoma"
2026,0013M,,20260101,N,00760.00,Onc mrna 5 gen recr urthl ca,Molecular pathology test for genetic analysis of recurrent bladder tumor,"Oncology (urothelial), mrna, gene expression profiling by real-time quantitative pcr of five genes (mdk, hoxa13, cdc2 [cdk1], igfbp5, and cxcr2), utilizing urine, algorithm reported as a risk score for having recurrent urothelial carcinoma"
2026,0015M,,20260101,N,01305.37,Adrnl cortcl tum bchm asy 25,Molecular pathology test for genetic analysis of kidney gland tumor (Adrenal,"Adrenal cortical tumor, biochemical assay of 25 steroid markers, utilizing 24-hour urine specimen and clinical parameters, prognostic algorithm reported as a clinical risk and integrated clinical steroid risk for adrenal cortical carcinoma, adenoma, or other adrenal malignancy"
2026,0016M,,20260101,N,03489.63,Onc bladder mrna 219 gen alg,Molecular pathology test for genetic analysis of bladder tumor (Decipher,"Oncology (bladder), mrna, microarray gene expression profiling of 219 genes, utilizing formalin-fixed paraffin-embedded tissue, algorithm reported as molecular subtype (luminal, luminal infiltrated, basal, basal claudin-low, neuroendocrine-like)"
2026,0016U,,20260101,N,00163.96,Onc hmtlmf neo rna bcr/abl1,RNA test for detecting gene abnormality associated with blood and lymphatic,"Oncology (hematolymphoid neoplasia), rna, bcr/abl1 major and minor breakpoint fusion transcripts, quantitative pcr amplification, blood or bone marrow, report of fusion not detected or detected with quantitation"
2026,0017M,,20260101,N,02510.21,Onc dlbcl mrna 20 genes alg,mRNA gene expression profiling by fluorescent probe hybridization of 20 genes,"Oncology (diffuse large b-cell lymphoma [dlbcl]), mrna, gene expression profiling by fluorescent probe hybridization of 20 genes, formalin-fixed paraffin-embedded tissue, algorithm reported as cell of origin"
2026,0017U,,20260101,N,00091.66,Onc hmtlmf neo jak2 mut dna,JAK2 mutation test for detecting gene abnormality associated with blood and,"Oncology (hematolymphoid neoplasia), jak2 mutation, dna, pcr amplification of exons 12-14 and sequence analysis, blood or bone marrow, report of jak2 mutation not detected or detected"
2026,0018M,,20260101,N,00640.73,Trnsplj rnl meas cd154+cll,Measurement of kidney donor and third-party-induced CD154+T-cytotoxic memory,"Transplantation medicine (allograft rejection, renal), measurement of donor and third-party-induced cd154+t-cytotoxic memory cells, utilizing whole peripheral blood, algorithm reported as a rejection risk score"
2026,0018U,,20260101,N,03002.09,Onc thyr 10 microrna seq alg,MicroRNA gene analysis of thyroid nodule tissue,"Oncology (thyroid), microrna profiling by rt-pcr of 10 microrna sequences, utilizing fine needle aspirate, algorithm reported as a positive or negative result for moderate to high risk of malignancy"
2026,0019M,,20260101,N,00712.40,Cv ds plasma alys prtn bmrk,Analysis of protein biomarkers in plasma with results reported as likelihood,"Cardiovascular disease, plasma, analysis of protein biomarkers by aptamer-based microarray and algorithm reported as 4-year likelihood of coronary event in high-risk populations"
2026,0019U,,20260101,N,03675.00,Onc rna tiss predict alg,RNA gene analysis of tumor tissue,"Oncology, rna, gene expression by whole transcriptome sequencing, formalin-fixed paraffin embedded tissue or fresh frozen tissue, predictive algorithm reported as potential targets for therapeutic agents"
2026,0020M,,20260101,N,02500.00,Onc cns alys 30000 dna loci,Analysis of DNA from tumor tissue with results reported as probability of,"Oncology (central nervous system), analysis of 30000 dna methylation loci by methylation array, utilizing dna extracted from tumor tissue, diagnostic algorithm reported as probability of matching a reference tumor subclass"
2026,0021U,,20260101,N,00760.00,Onc prst8 detcj 8 autoantb,Detection of 8 autoantibodies in prostate tissue,"Oncology (prostate), detection of 8 autoantibodies (arf 6, nkx3-1, 5'-utr-bmi1, cep 164, 3'-utr-ropporin, desmocollin, aurkaip-1, csnk2a2), multiplexed immunoassay and flow cytometry serum, algorithm reported as risk score"
2026,0022U,,20260101,N,01950.00,Tgsap nsm lung neo dna&rna23,DNA and RNA targeted sequencing analysis of 1-23 genes associated with,"Targeted genomic sequence analysis panel, non-small cell lung neoplasia, dna and rna analysis, 23 genes, interrogation for sequence variants and rearrangements, reported as presence or absence of variants and associated therapy(ies) to consider"
2026,0023U,,20260101,N,00248.51,Onc aml dna detcj/nondetcj,DNA gene analysis for acute myelogenous leukemia,"Oncology (acute myelogenous leukemia), dna, genotyping of internal tandem duplication, p.d835, p.i836, using mononuclear cells, reported as detection or non-detection of flt3 mutation and indication for or against the use of midostaurin"
2026,0024U,,20260101,N,00034.19,Glyca nuc mr spectrsc quan,Measurement of glycosylated acute phase proteins,"Glycosylated acute phase proteins (glyca), nuclear magnetic resonance spectroscopy, quantitative"
2026,0025U,,20260101,N,00114.43,Tenofovir liq chrom ur quan,Measurement of tenovir in urine,"Tenofovir, by liquid chromatography with tandem mass spectrometry (lc-ms/ms), urine, quantitative"
2026,0026U,,20260101,N,03600.00,Onc thyr dna&mrna 112 genes,DNA and microRNA gene analysis of thyroid nodule tissue,"Oncology (thyroid), dna and mrna of 112 genes, next-generation sequencing, fine needle aspirate of thyroid nodule, algorithmic analysis reported as a categorical result (""positive, high probability of malignancy"" or ""negative, low probability of malignancy"")"
2026,0027U,,20260101,N,00121.91,Jak2 gene trgt seq alys,Gene analysis (Janus kinase 2) of targeted sequence exons 12-15,"Jak2 (janus kinase 2) (eg, myeloproliferative disorder) gene analysis, targeted sequence analysis exons 12-15"
2026,0030U,,20260101,N,00134.13,Rx metab warf trgt seq alys,Gene analysis of targeted sequences for warfarin drug response,"Drug metabolism (warfarin drug response), targeted sequence analysis (ie, cyp2c9, cyp4f2, vkorc1, rs12777823)"
2026,0032U,,20260101,N,00174.81,Comt gene,Gene analysis (catechol-O-methyltransferase) for c.472G>A (rs4680) variant,"Comt (catechol-o-methyltransferase) (drug metabolism) gene analysis, c.472g>a (rs4680) variant"
2026,0034U,,20260101,N,00466.17,Tpmt nudt15 genes,Gene analysis (thiopurine S-methyltransferase) for common variants,"Tpmt (thiopurine s-methyltransferase), nudt15 (nudix hydroxylase 15)(eg, thiopurine metabolism), gene analysis, common variants (ie, tpmt *2, *3a, *3b, *3c, *4, *5, *6, *8, *12; nudt15 *3, *4, *5)"
2026,0035U,,20260101,N,00540.99,Neuro csf prion prtn qual,Testing for presence of prion protein in cerebrospinal fluid,"Neurology (prion disease), cerebrospinal fluid, detection of prion protein by quaking-induced conformational conversion, qualitative"
2026,0036U,,20260101,N,04780.00,Xome tum & nml spec seq alys,Exome gene analysis for somatic mutation in tumor tissue,"Exome (ie, somatic mutations), paired formalin-fixed paraffin-embedded tumor tissue and normal specimen, sequence analyses"
2026,0037U,,20260101,N,03500.00,Trgt gen seq dna 324 genes,DNA gene analysis of 324 genes in solid organ tumor tissue,"Targeted genomic sequence analysis, solid organ neoplasm, dna analysis of 324 genes, interrogation for sequence variants, gene copy number amplifications, gene rearrangements, microsatellite instability and tumor mutational burden"
2026,0038U,,20260101,N,00029.60,Vitamin d srm microsamp quan,Measurement of vitamin D in serum,"Vitamin d, 25 hydroxy d2 and d3, by lc-ms/ms, serum microsample, quantitative"
2026,0039U,,20260101,N,00013.74,Dna antb 2strand hi avidity,Testing for anti-DNA antibody,"Deoxyribonucleic acid (dna) antibody, double stranded, high avidity"
2026,0040U,,20260101,N,00409.90,Bcr/abl1 gene major bp quan,Gene analysis (t(9;22)) for translocation analysis,"Bcr/abl1 (t(9;22)) (eg, chronic myelogenous leukemia) translocation analysis, major breakpoint, quantitative"
2026,0041U,,20260101,N,00017.21,B brgdrferi antb 5 prtn igm,IgM antibody detection test for Borrelia burgdorferi,"Borrelia burgdorferi, antibody detection of 5 recombinant protein groups, by immunoblot, igm"
2026,0042U,,20260101,N,00017.21,B brgdrferi antb 12 prtn igg,IgG antibody detection test for Borrelia burgdorferi,"Borrelia burgdorferi, antibody detection of 12 recombinant protein groups, by immunoblot, igg"
2026,0043U,,20260101,N,00014.86,Tbrf b grp antb 4 prtn igm,IgM antibody detection test for Tick-Borne Relapsing Fever Borrelia group (IgM),"Tick-borne relapsing fever borrelia group, antibody detection to 4 recombinant protein groups, by immunoblot, igm"
2026,0044U,,20260101,N,00014.86,Tbrf b grp antb 4 prtn igg,IgM antibody detection test for Tick-Borne Relapsing Fever Borrelia group (IgG),"Tick-borne relapsing fever borrelia group, antibody detection to 4 recombinant protein groups, by immunoblot, igg"
2026,0045U,,20260101,N,03873.00,Onc brst dux carc is 12 gene,mRNA gene analysis of 12 genes in breast ductal carcinoma in situ tumor tissue,"Oncology (breast ductal carcinoma in situ), mrna, gene expression profiling by real-time rt-pcr of 12 genes (7 content and 5 housekeeping), utilizing formalin-fixed paraffin-embedded tissue, algorithm reported as recurrence score"
2026,0046U,,20260101,N,00407.43,Flt3 gene itd variants quan,Gene analysis (fms-related tyrosine kinase 3) for internal tandem duplication,"Flt3 (fms-related tyrosine kinase 3) (eg, acute myeloid leukemia) internal tandem duplication (itd) variants, quantitative"
2026,0047U,,20260101,N,03873.00,Onc prst8 mrna 17 gene alg,mRNA gene analysis of 17 genes in prostate tumor tissue,"Oncology (prostate), mrna, gene expression profiling by real-time rt-pcr of 17 genes (12 content and 5 housekeeping), utilizing formalin-fixed paraffin-embedded tissue, algorithm reported as a risk score"
2026,0048U,,20260101,N,02919.60,Onc sld org neo dna 468 gene,DNA gene analysis of 468 genes in solid organ tumor tissue,"Oncology (solid organ neoplasia), dna, targeted sequencing of protein-coding exons of 468 cancer-associated genes, including interrogation for somatic mutations and microsatellite instability, matched with normal specimens, utilizing formalin-fixed paraffin-embedded tumor tissue, report of clinically significant mutation(s)"
2026,0049U,,20260101,N,00407.43,Npm1 gene analysis quan,Gene analysis (nucleophosmin),"Npm1 (nucleophosmin) (eg, acute myeloid leukemia) gene analysis, quantitative"
2026,0050U,,20260101,N,02916.60,Trgt gen seq dna 194 genes,DNA gene analysis of targeted sequences in 194 genes for acute myelogenous,"Targeted genomic sequence analysis panel, acute myelogenous leukemia, dna analysis, 194 genes, interrogation for sequence variants, copy number variants or rearrangements"
2026,0051U,,20260101,N,00246.92,Rx mntr lc-ms/ms ur/bld 31,Testing for presence of 31 prescription drugs in urine or blood specimen,"Prescription drug monitoring, evaluation of drugs present by liquid chromatography tandem mass spectrometry (lc-ms/ms), urine or blood, 31 drug panel, reported as quantitative results, detected or not detected, per date of service"
2026,0052U,,20260101,N,00033.86,Lpoprtn bld w/5 maj classes,Measurement of all five major lipoprotein classes and subclasses in blood,"Lipoprotein, blood, high resolution fractionation and quantitation of lipoproteins, including all five major lipoprotein classes and subclasses of hdl, ldl, and vldl by vertical auto profile ultracentrifugation"
2026,0054U,,20260101,N,00198.74,Rx mntr 14+ drugs & sbsts,Measurement of 14 or more drug classes in capillary blood,"Prescription drug monitoring, 14 or more classes of drugs and substances, definitive tandem mass spectrometry with chromatography, capillary blood, quantitative report with therapeutic and toxic ranges, including steady-state range for the prescribed dose when detected, per date of service"
2026,0055U,,20260101,N,03240.00,Card hrt trnspl 96 dna seq,DNA gene analysis of 96 target sequences in plasma for heart transplant,"Cardiology (heart transplant), cell-free dna, pcr assay of 96 dna target sequences (94 single nucleotide polymorphism targets and two control targets), plasma"
2026,0058U,,20260101,N,00322.96,Onc merkel cll carc srm quan,Measurement of antibodies to Merkel cell polyoma virus oncoprotein in serum,"Oncology (merkel cell carcinoma), detection of antibodies to the merkel cell polyoma virus oncoprotein (small t antigen), serum, quantitative"
2026,0059U,,20260101,N,00322.96,Onc merkel cll carc srm +/-,Test for presence of antibodies to Merkel cell polyoma virus oncoprotein in,"Oncology (merkel cell carcinoma), detection of antibodies to the merkel cell polyoma virus capsid protein (vp1), serum, reported as positive or negative"
2026,0060U,,20260101,N,00759.05,Twn zyg gen seq alys chrms2,Gene analysis for identical twins in maternal blood,"Twin zygosity, genomic-targeted sequence analysis of chromosome 2, using circulating cell-free fetal dna in maternal blood"
2026,0061U,,20260101,N,00025.10,Tc meas 5 bmrk sfdi m-s alys,Spatial frequency domain imaging of skin,"Transcutaneous measurement of five biomarkers (tissue oxygenation [sto2], oxyhemoglobin [cthbo2], deoxyhemoglobin [cthbr], papillary and reticular dermal hemoglobin concentrations [cthb1 and cthb2]), using spatial frequency domain imaging (sfdi) and multi-spectral analysis"
2026,0062U,,20260101,N,00380.72,Ai sle igg&igm alys 80 bmrk,IgG and IgM analysis of 80 biomarkers of systemic lupus erythematosus in serum,"Autoimmune (systemic lupus erythematosus), igg and igm analysis of 80 biomarkers, utilizing serum, algorithm reported with a risk score"
2026,0063U,,20260101,N,00750.00,Neuro autism 32 amines alg,Testing for amines associated with autism spectrum disorder in plasma,"Neurology (autism), 32 amines by lc-ms/ms, using plasma, algorithm reported as metabolic signature associated with autism spectrum disorder"
2026,0064U,,20260101,N,00031.33,Antb tp total&rpr ia qual,Antibody testing for syphilis,"Antibody, treponema pallidum, total and rapid plasma reagin (rpr), immunoassay, qualitative"
2026,0065U,,20260101,N,00018.09,Syfls tst nontreponemal antb,Non-antibody testing for syphilis,"Syphilis test, non-treponemal antibody, immunoassay, qualitative (rpr)"
2026,0067U,,20260101,N,01897.00,Onc brst imhchem prfl 4 bmrk,Protein expression profiling of 4 biomarkers of breast cancer in precancerous,"Oncology (breast), immunohistochemistry, protein expression profiling of 4 biomarkers (matrix metalloproteinase-1 [mmp-1], carcinoembryonic antigen-related cell adhesion molecule 6 [ceacam6], hyaluronoglucosaminidase [hyal1], highly expressed in cancer protein [hec1]), formalin-fixed paraffin-embedded precancerous breast tissue, algorithm reported as carcinoma risk score"
2026,0068U,,20260101,N,00142.63,Candida species pnl amp prb,Detection of Candida species by amplified probe,"Candida species panel (c. albicans, c. glabrata, c. parapsilosis, c. kruseii, c tropicalis, and c. auris), amplified probe technique with qualitative report of the presence or absence of each species"
2026,0069U,,20260101,N,00380.00,Onc clrct microrna mir-31-3p,mRNA expression profiling of miR-31-3 in colon tumor tissue,"Oncology (colorectal), microrna, rt-pcr expression profiling of mir-31-3p, formalin-fixed paraffin-embedded tissue, algorithm reported as an expression sco"
2026,0070U,,20260101,N,00676.37,Cyp2d6 gen com&slct rar vrnt,"Gene analysis (cytochrome P450, family 2, subfamily D, polypeptide 6) for","Cyp2d6 (cytochrome p450, family 2, subfamily d, polypeptide 6) (eg, drug metabolism) gene analysis, common and select rare variants (ie, *2, *3, *4, *4n, *5, *6, *7, *8, *9, *10, *11, *12, *13, *14a, *14b, *15, *17, *29, *35, *36, *41, *57, *61, *63, *68, *83, *xn)"
2026,0071U,,20260101,N,00600.00,Cyp2d6 full gene sequence,"Gene analysis (cytochrome P450, family 2, subfamily D, polypeptide 6) full","Cyp2d6 (cytochrome p450, family 2, subfamily d, polypeptide 6) (eg, drug metabolism) gene analysis, full gene sequence (list separately in addition to code for primary procedure)"
2026,0072U,,20260101,N,00450.91,Cyp2d6 gen cyp2d6-2d7 hybrid,"Gene analysis (cytochrome P450, family 2, subfamily D, polypeptide 6) targeted","Cyp2d6 (cytochrome p450, family 2, subfamily d, polypeptide 6) (eg, drug metabolism) gene analysis, targeted sequence analysis (ie, cyp2d6-2d7 hybrid gene) (list separately in addition to code for primary procedure)"
2026,0073U,,20260101,N,00450.91,Cyp2d6 gen cyp2d7-2d6 hybrid,"Gene analysis (cytochrome P450, family 2, subfamily D, polypeptide 6) targeted","Cyp2d6 (cytochrome p450, family 2, subfamily d, polypeptide 6) (eg, drug metabolism) gene analysis, targeted sequence analysis (ie, cyp2d7-2d6 hybrid gene) (list separately in addition to code for primary procedure)"
2026,0074U,,20260101,N,00450.91,Cyp2d6 nonduplicated gene,"Gene analysis (cytochrome P450, family 2, subfamily D, polypeptide 6) targeted","Cyp2d6 (cytochrome p450, family 2, subfamily d, polypeptide 6) (eg, drug metabolism) gene analysis, targeted sequence analysis (ie, non-duplicated gene when duplication/multiplication is trans) (list separately in addition to code for primary procedure)"
2026,0075U,,20260101,N,00450.91,Cyp2d6 5' gene dup/mlt,"Gene analysis (cytochrome P450, family 2, subfamily D, polypeptide 6) targeted","Cyp2d6 (cytochrome p450, family 2, subfamily d, polypeptide 6) (eg, drug metabolism) gene analysis, targeted sequence analysis (ie, 5' gene duplication/multiplication) (list separately in addition to code for primary procedure)"
2026,0076U,,20260101,N,00450.91,Cyp2d6 3' gene dup/mlt,"Gene analysis (cytochrome P450, family 2, subfamily D, polypeptide 6) targeted","Cyp2d6 (cytochrome p450, family 2, subfamily d, polypeptide 6) (eg, drug metabolism) gene analysis, targeted sequence analysis (ie, 3' gene duplication/ multiplication) (list separately in addition to code for primary procedure)"
2026,0077U,,20260101,N,00043.43,Ig paraprotein qual bld/ur,Detection of Immunoglobulin paraprotein (M-protein) in blood or urine,"Immunoglobulin paraprotein (m-protein), qualitative, immunoprecipitation and mass spectrometry, blood or urine, including isotype"
2026,0080U,,20260101,N,03520.00,Onc lng 5 clin rsk factr alg,Analysis of galectin-3-binding protein and scavenger receptor cysteine-rich,"Oncology (lung), mass spectrometric analysis of galectin-3-binding protein and scavenger receptor cysteine-rich type 1 protein m130, with five clinical risk factors (age, smoking status, nodule diameter, nodule-spiculation status and nodule location), utilizing plasma, algorithm reported as a categorical probability of malignancy"
2026,0082U,,20260101,N,00246.92,Rx test def 90+ rx/sbsts ur,Definitive drug testing for 90 or more drugs in urine,"Drug test(s), definitive, 90 or more drugs or substances, definitive chromatography with mass spectrometry, and presumptive, any number of drug classes, by instrument chemistry analyzer (utilizing immunoassay), urine, report of presence or absence of each drug, drug metabolite or substance with description and severity of significant interactions per date of service"
2026,0083U,,20260101,N,00167.35,Onc rspse chemo cntrst tomog,Evaluation of response to chemotherapy drugs using motility contrast tomography,"Oncology, response to chemotherapy drugs using motility contrast tomography, fresh or frozen tissue, reported as likelihood of sensitivity or resistance to drugs or drug combinations"
2026,0084U,,20260101,N,00720.00,Rbc dna gnotyp 10 bld groups,DNA red blood cell antigen typing,"Red blood cell antigen typing, dna, genotyping of 10 blood groups with phenotype prediction of 37 red blood cell antigens"
2026,0086U,,20260101,N,00200.00,Nfct ds bact&fng org id 6+,FISH identification of organisms in blood culture,"Infectious disease (bacterial and fungal), organism identification, blood culture, using rrna fish, 6 or more organism targets, reported as positive or negative with phenotypic minimum inhibitory concentration (mic)-based antimicrobial susceptibility"
2026,0087U,,20260101,N,03159.42,Crd hrt trnspl mrna 1283 gen,mRNA gene expression profiling of genes in heart transplant biopsy tissue to,"Cardiology (heart transplant), mrna gene expression profiling by microarray of 1283 genes, transplant biopsy tissue, allograft rejection and injury algorithm reported as a probability score"
2026,0088U,,20260101,N,03159.42,Trnsplj kdn algrft rej 1494,mRNA gene expression profiling of genes in kidney transplant tissue to evaluate,"Transplantation medicine (kidney allograft rejection), microarray gene expression profiling of 1494 genes, utilizing transplant biopsy tissue, algorithm reported as a probability score for rejection"
2026,0089U,,20260101,N,00760.00,Onc mlnma prame & linc00518,Gene expression profiling of melanoma in superficial sample collected by,"Oncology (melanoma), gene expression profiling by rtqpcr, prame and   linc00518, superficial collection using adhesive patch(es)"
2026,0090U,,20260101,N,01950.00,Onc cutan mlnma mrna 23 gene,mRNA gene expression profiling of 23 genes in skin melanoma tissue sample,"Oncology (cutaneous melanoma), mrna gene expression profiling by rt-pcr of 23 genes (14 content and 9 housekeeping), utilizing formalin-fixed paraffin-embedded (ffpe) tissue, algorithm reported as a categorical result (ie, benign, intermediate, malignant)"
2026,0092U,,20260101,N,02488.00,Onc lng 3 prtn bmrk plsm alg,Measurement of 3 protein biomarkers for lung cancer in plasma,"Oncology (lung), three protein biomarkers, immunoassay using magnetic nanosensor technology, plasma, algorithm reported as risk score for likelihood of malignancy"
2026,0093U,,20260101,N,00062.14,Rx mntr 65 com drugs urine,Prescription drug monitoring for 65 common drugs in urine,"Prescription drug monitoring, evaluation of 65 common drugs by lc-ms/ms, urine, each drug reported detected or not detected"
2026,0094U,,20260101,N,07582.20,Genome rapid sequence alys,Rapid sequence gene testing,"Genome (eg, unexplained constitutional or heritable disorder or syndrome), rapid sequence analysis"
2026,0095U,,20260101,N,00771.98,Ee 2 prtn bmrk elisa est,Test for markers of eosinophilic inflammation of esophagus,"Eosinophilic esophagitis, 2 protein biomarkers (eotaxin-3 [ccl26 {c-c motif chemokine ligand 26}] and major basic protein [prg2 {proteoglycan 2, pro eosinophil major basic protein}], enzyme-linked immunosorbent assays (elisa), specimen obtained by esophageal string test device, algorithm reported as probability of active or inactive eosinophilic esophagitis"
2026,0096U,,20260101,N,00035.09,Hpv hi risk types male urine,Test for detection of high-risk human papillomavirus in male urine,"Human papillomavirus (hpv), high-risk types (ie, 16, 18, 31, 33, 35, 39, 45, 51,   52, 56, 58, 59, 66, 68), male urine"
2026,0101U,,20260101,N,01743.95,Hered colon ca do 15 genes,Gene sequence analysis panel of 15 genes associated with hereditary colon,"Hereditary colon cancer disorders (eg, lynch syndrome, pten hamartoma syndrome, cowden syndrome, familial adenomatosis polyposis), genomic sequence analysis panel utilizing a combination of ngs, sanger, mlpa, and array cgh, with mmrna analytics to resolve variants of unknown significance when indicated (15 genes [sequencing and deletion/duplication], epcam and grem1 [deletion/duplication only])"
2026,0102U,,20260101,N,01303.95,Hered brst ca rltd do 17 gen,Gene sequence analysis panel of 17 genes associated with hereditary breast,"Hereditary breast cancer-related disorders (eg, hereditary breast cancer, hereditary ovarian cancer, hereditary endometrial cancer), genomic sequence analysis panel utilizing a combination of ngs, sanger, mlpa, and array cgh, with mmrna analytics to resolve variants of unknown significance when indicated (17 genes [sequencing and deletion/duplication])"
2026,0103U,,20260101,N,01743.95,Hered ova ca pnl 24 genes,Gene sequence analysis panel of 24 genes associated with hereditary ovarian,"Hereditary ovarian cancer (eg, hereditary ovarian cancer, hereditary endometrial cancer), genomic sequence analysis panel utilizing a combination of ngs, sanger, mlpa, and array cgh, with mmrna analytics to resolve variants of unknown significance when indicated (24 genes [sequencing and deletion/duplication], epcam [deletion/duplication only])"
2026,0105U,,20260101,N,00950.00,Neph ckd mult eclia tum nec,"Measurement of tumor necrosis factor receptor 1A, receptor superfamily 2","Nephrology (chronic kidney disease), multiplex electrochemiluminescent immunoassay (eclia) of tumor necrosis factor receptor 1a, receptor superfamily 2 (tnfr1, tnfr2), and kidney injury molecule-1 (kim-1) combined with longitudinal clinical data, including apol1 genotype if available, and plasma (isolated fresh or frozen), algorithm reported as probability score for rapid kidney function decline (rkfd)"
2026,0106U,,20260101,N,00874.49,Gstr emptg 7 timed brth spec,Evaluation of gastric emptying by measurement of radiolabeled carbon dioxide in,"Gastric emptying, serial collection of 7 timed breath specimens, non-radioisotope carbon-13 (13c) spirulina substrate, analysis of each specimen by gas isotope ratio mass spectrometry, reported as rate of 13co2 excretion"
2026,0107U,,20260101,N,00016.00,C diff tox ag detcj ia stool,Antigen test for detection of Clostridium difficile toxin in stool,"Clostridium difficile toxin(s) antigen detection by immunoassay technique, stool, qualitative, multiple-step method"
2026,0108U,,20260101,N,04950.00,Gi barrett esoph 9 prtn bmrk,Computer-assisted digital imaging of esophagus specimen slides to evaluate risk,"Gastroenterology (barrett's esophagus), whole slide-digital imaging, including morphometric analysis, computer-assisted quantitative immunolabeling of 9 protein biomarkers (p16, amacr, p53, cd68, cox-2, cd45ro, hif1a, her-2, k20) and morphology, formalin-fixed paraffinembedded tissue, algorithm reported as risk of progression to high-grade dysplasia or cancer"
2026,0109U,,20260101,N,00142.63,Id aspergillus dna 4 species,DNA test for detection of 4 Aspergillus species,"Infectious disease (aspergillus species), real-time pcr for detection of dna from 4 species (a. fumigatus, a. terreus, a. niger, and a. flavus), blood, lavage fluid, or tissue, qualitative reporting of presence or absence of each species"
2026,0110U,,20260101,N,00027.11,Rx mntr 1+oral onc rx&sbsts,"Monitoring of anti-cancer drugs in patient blood, serum, or plasma","Prescription drug monitoring, one or more oral oncology drug(s) and substances, definitive tandem mass spectrometry with chromatography, serum or plasma from capillary blood or venous blood, quantitative report with steady-state range for the prescribed drug(s) when detected"
2026,0111U,,20260101,N,00682.29,Onc colon ca kras&nras alys,Gene analysis (KRAS and NRAS) in prostate tumor tissue,"Oncology (colon cancer), targeted kras (codons 12, 13, and 61) and nras (codons 12, 13, and 61) gene analysis utilizing formalin-fixed paraffin-embedded tissue"
2026,0112U,,20260101,N,00356.13,Iadi 16s&18s rrna genes,Gene analysis for detection of infectious agent and drug resistance gene,"Infectious agent detection and identification, targeted sequence analysis (16s and 18s rrna genes) with drugresistance gene"
2026,0113U,,20260101,N,00760.00,Onc prst8 pca3&tmprss2-erg,Measurement of PCA3 gene in urine and prostate-specific antigen (PSA) in serum,"Oncology (prostate), measurement of pca3 and tmprss2-erg in urine and psa in serum following prostatic massage, by rna amplification and fluorescencebased detection, algorithm reported as risk score"
2026,0114U,,20260101,N,01938.01,Gi barretts esoph vim&ccna1,Gene analysis (VIM and CCNA1 methylation) in esophageal cells to evaluate,"Gastroenterology (barrett's esophagus), vim and ccna1 methylation analysis, esophageal cells, algorithm reported as likelihood for barrett's esophagus"
2026,0115U,,20260101,N,00275.35,Respir iadna 18 viral&2 bact,"Respiratory infectious agent detection by nucleic acid (DNA and RNA), 18 viral","Respiratory infectious agent detection by nucleic acid (dna and rna), 18 viral types and subtypes and 2 bacterial targets, amplified probe technique, including multiplex reverse transcription for rna targets, each analyte reported as detected or not detected"
2026,0116U,,20260101,N,00246.92,Rx mntr nzm ia 35+oral flu,Analysis of 35 or more drugs in mouth fluid to evaluate risk of prescription,"Prescription drug monitoring, enzyme immunoassay of 35 or more drugs confirmed with lc-ms/ms, oral fluid, algorithm results reported as a patientcompliance measurement with risk of drug to drug interactions for prescribed medications"
2026,0117U,,20260101,N,00840.65,Pain mgmt 11 endogenous anal,Analysis of 11 biochemical substances in urine to evaluate likelihood of,"Pain management, analysis of 11 endogenous analytes (methylmalonic acid, xanthurenic acid, homocysteine, pyroglutamic acid, vanilmandelate, 5hydroxyindoleacetic acid, hydroxymethylglutarate, ethylmalonate, 3hydroxypropyl mercapturic acid (3-hpma),   quinolinic acid, kynurenic acid), lcms/ms, urine, algorithm reported as a pain-index score with likelihood of atypical biochemical function associated with pain"
2026,0118U,,20260101,N,02753.25,Trnsplj don-drv cll-fr dna,Measurement of transplant donor cell-free DNA in transplant recipient plasma,"Transplantation medicine, quantification of donor-derived cell-free dna using whole genome next-generation sequencing, plasma, reported as percentage of donorderived cell-free dna in the total cell-free dna"
2026,0119U,,20260101,N,00083.76,Crd ceramides liq chrom plsm,Measurement of ceramides for assessment of heart disease risk,"Cardiology, ceramides by liquid chromatography-tandem mass spectrometry, plasma, quantitative report with risk score for major cardiovascular events"
2026,0120U,,20260101,N,02510.21,Onc b cll lymphm mrna 58 gen,"mRNA, gene expression profiling of 58 genes in tissue sample for B-cell","Oncology (b-cell lymphoma classification), mrna, gene expression profiling by fluorescent probe hybridization of 58 genes (45 content and 13 housekeeping genes), formalin-fixed paraffin-embedded tissue, algorithm reported as likelihood for primary mediastinal b-cell lymphoma (pmbcl) and diffuse large b-cell lymphoma (dlbcl) with cell of origin subtyping in the latter"
2026,0121U,,20260101,N,00509.20,Sc dis vcam-1 whole blood,Blood test for sickle cells using VCAM-1,"Sickle cell disease, microfluidic flow adhesion (vcam-1), whole blood"
2026,0122U,,20260101,N,00526.23,Sc dis p-selectin whl blood,Blood test for sickle cells using P-Selectin,"Sickle cell disease, microfluidic flow adhesion (p-selectin), whole blood"
2026,0123U,,20260101,N,00357.63,Mchnl fragility rbc prflg,Test for fragility of red blood cells,"Mechanical fragility, rbc, shear stress and spectral analysis profiling"
2026,0129U,,20260101,N,01303.95,Hered brst ca rltd do panel,Gene analysis of genes associated with hereditary breast cancer and related,"Hereditary breast cancer-related disorders (eg, hereditary breast cancer, hereditary ovarian cancer, hereditary endometrial cancer), genomic sequence analysis and   deletion/duplication analysis panel (atm, brca1, brca2, cdh1, chek2, palb2, pten, and tp53)"
2026,0130U,,20260101,N,00584.90,Hered colon ca do mrna pnl,Targeted mRNA sequence analysis of genes associated with hereditary colon,"Hereditary colon cancer disorders (eg, lynch syndrome, pten hamartoma syndrome, cowden syndrome, familial adenomatosis polyposis), targeted mrna sequence analysis panel (apc, cdh1, chek2, mlh1, msh2, msh6, mutyh, pms2, pten, and tp53) (list separately in addition to code for primary procedure)"
2026,0133U,,20260101,N,00690.29,Hered prst8 ca rltd do 11,Targeted mRNA sequence analysis of 11 genes associated with hereditary prostate,"Hereditary prostate cancer-related disorders, targeted mrna sequence analysis panel (11 genes) (list separately in addition to code for primary procedure)"
2026,0134U,,20260101,N,00748.39,Hered pan ca mrna pnl 18 gen,Targeted mRNA sequence analysis of 18 genes associated with hereditary pan,"Hereditary pan cancer (eg, hereditary breast and ovarian cancer, hereditary endometrial cancer, hereditary colorectal cancer), targeted mrna sequence analysis panel (18 genes) (list separately in addition to code for primary procedure)"
2026,0136U,,20260101,N,00407.43,Atm mrna seq alys,mRNA gene analysis (ataxia telangiectasia mutated),"Atm (ataxia telangiectasia mutated) (eg, ataxia telangiectasia) mrna sequence analysis (list separately in addition to code for primary procedure)"
2026,0137U,,20260101,N,00282.88,Palb2 mrna seq alys,mRNA gene analysis (partner and localizer of BRCA2),"Palb2 (partner and localizer of brca2) (eg, breast and pancreatic cancer) mrna sequence analysis (list separately in addition to code for primary procedure)"
2026,0138U,,20260101,N,00468.33,Brca1 brca2 mrna seq alys,"mRNA gene analysis (BRCA1, DNA repair associated and BRCA2, DNA repair","Brca1 (brca1, dna repair associated), brca2 (brca2, dna repair associated) (eg, hereditary breast and ovarian cancer) mrna sequence analysis (list separately in addition to code for primary procedure)"
2026,0140U,,20260101,N,00156.75,Nfct ds fungi dna 15 trgt,Amplifed DNA probe detection of fungus in blood culture specimen,"Infectious disease (fungi), fungal pathogen identification, dna (15 fungal targets), blood culture, amplified probe technique, each target reported as detected or not detected"
2026,0141U,,20260101,N,00156.75,Nfct ds bact&fng gram pos,"Amplifed DNA probe detection of 20 gram-positive bacterial targets, 4","Infectious disease (bacteria and fungi), gram-positive organism identification and drug resistance element detection, dna (20 gram-positive bacterial targets, 4 resistance genes, 1 pan gram-negative bacterial target, 1 pan candida target), blood culture, amplified probe technique, each target reported as detected or not detected"
2026,0142U,,20260101,N,00156.75,Nfct ds bact&fng gram neg,"Amplifed DNA probe detection of 20 gram-positive bacterial targets, 6","Infectious disease (bacteria and fungi), gram-negative bacterial identification and drug resistance element detection, dna (21 gram-negative bacterial targets, 6 resistance genes, 1 pan gram-positive bacterial target, 1 pan candida target), amplified probe technique, each target reported as detected or not detected"
2026,0152U,,20260101,N,02126.20,Nfct ds dna untrgt ngnrj seq,"Cell-free DNA sequencing of disease-causing organisms in plasma specimen, with","Infectious disease (bacteria, fungi, parasites, and dna viruses), microbial cell-free dna, plasma, untargeted next-generation sequencing, report for significant positive pathogens"
2026,0153U,,20260101,N,03159.42,Onc breast mrna 101 genes,mRNA gene expression profiling of 101 genes in breast growth tissue specimen,"Oncology (breast), mrna, gene expression profiling by next-generation sequencing of 101 genes, utilizing formalin-fixed paraffin-embedded tissue, algorithm reported as a triple negative breast cancer clinical subtype(s) with information on immune cell involvement"
2026,0154U,,20260101,N,00482.14,Onc urthl ca rna fgfr3 gene,RNA gene analysis for detection of fibroblast growth factor receptor 3 gene,"Oncology (urothelial cancer), rna,analysis by real-time rt-pcr of the fgfr3 (fibroblast growth factor receptor 3) gene analysis (ie, p.r248c [c.742c>t], p.s249c [c.746c>g], p.g370c [c.1108g>t], p.y373c [c.1118a>g], fgfr3-tacc3v1, and fgfr3-tacc3v3) utilizing formalin-fixed paraffin-embedded urothelial cancer tumor tissue, reported as fgfr gene alteration status"
2026,0155U,,20260101,N,00274.83,Onc brst ca dna pik3ca gene,DNA analysis for detection of PIK3CA gene mutation in breast growth tissue,"Oncology (breast cancer), dna, pik3ca (phosphatidylinositol-4,5bisphosphate 3-kinase, catalytic subunit alpha) (eg, breast cancer) gene analysis (ie, p.c420r, p.e542k, p.e545a, p.e545d [g.1635g>t only], p.e545g, p.e545k, p.q546e, p.q546r, p.h1047l, p.h1047r, p.h1047y), utilizing formalin-fixed paraffin-embedded breast tumor tissue, reported as pik3ca gene mutation status"
2026,0156U,,20260101,N,01740.00,Copy number sequence alys,Gene analysis copy number sequence analysis,"Copy number (eg, intellectual disability, dysmorphology), sequence analysis"
2026,0157U,,20260101,N,00282.88,Apc mrna seq alys,mRNA gene analysis of APC regulator of WNT signaling pathway,"Apc (apc regulator of wnt signaling pathway) (eg, familial adenomatosis polyposis [fap]) mrna sequence analysis (list separately in addition to code for primary procedure)"
2026,0158U,,20260101,N,00282.88,Mlh1 mrna seq alys,mRNA gene analysis of mutL homolog 1,"Mlh1 (mutl homolog 1) (eg, hereditary non-polyposis colorectal cancer, lynch syndrome) mrna sequence analysis (list separately in addition to code for primary procedure)"
2026,0159U,,20260101,N,00282.88,Msh2 mrna seq alys,mRNA gene analysis of mutS homolog 2,"Msh2 (muts homolog 2) (eg, hereditary colon cancer, lynch syndrome) mrna sequence analysis (list separately in addition to code for primary procedure)"
2026,0160U,,20260101,N,00282.88,Msh6 mrna seq alys,mRNA gene analysis of mutS homolog 6,"Msh6 (muts homolog 6) (eg, hereditary colon cancer, lynch syndrome) mrna sequence analysis (list separately in addition to code for primary procedure)"
2026,0161U,,20260101,N,00282.88,Pms2 mrna seq alys,"mRNA gene analysis of PMS1 homolog 2, mismatch repair system component","Pms2 (pms1 homolog 2, mismatch repair system component) (eg, hereditary nonpolyposis colorectal cancer, lynch syndrome) mrna sequence analysis (list separately in addition to code for primary procedure)"
2026,0162U,,20260101,N,00486.54,Hered colon ca trgt mrna pnl,Targeted mRNA sequence analysis for genes associated with hereditary colon,"Hereditary colon cancer (lynch syndrome), targeted mrna sequence analysis panel (mlh1, msh2, msh6, pms2) (list separately in addition to code for primary procedure)"
2026,0163U,,20260101,N,00390.75,Onc clrct scr 3 prtn alg,Screening test for 3 protein biomarkers of colorectal cancer in serum or plasma,"Oncology (colorectal) screening, biochemical enzyme-linked immunosorbent assay (elisa) of 3 plasma or serum proteins (teratocarcinoma derived growth factor-1 [tdgf-1, cripto-  1], carcinoembryonic antigen [cea], extracellular matrix protein [ecm]), with demographic data (age, gender, crc-screening compliance) using a proprietary algorithm and reported as likelihood of crc or advanced adenomas"
2026,0164U,,20260101,N,00112.02,Gi ibs ia anti-cdtb&vinculin,Test for detection of antibodies associated with irritable bowel syndrome in,"Gastroenterology (irritable bowel syndrome [ibs]), immunoassay for anti-cdtb and anti-vinculin antibodies, utilizing plasma, algorithm for elevated or not elevated qualitative results"
2026,0165U,,20260101,N,00463.76,Peanut allg asmt epi,Test for detection of antigens associated with peanut allergy in blood,"Peanut allergen-specific quantitative assessment of multiple epitopes using enzyme-linked immunosorbent assay (elisa), blood, individual epitope results and probability of peanut allergy"
2026,0166U,,20260101,N,00503.40,Liver ds 10 biochem asy srm,Liver disease test panel in serum specimen,"Liver disease, 10 biochemical assays (a2-macroglobulin, haptoglobin, apolipoprotein a1, bilirubin, ggt, alt, ast, triglycerides, cholesterol, fasting glucose) and biometric and demographic data, utilizing serum, algorithm reported as scores for fibrosis, necroinflammatory activity, and steatosis with a summary interpretation"
2026,0169U,,20260101,N,00466.17,Nudt15&tpmt gene com vrnt,Gene analysis (nudix hydrolase 15) and TPMT (thiopurine S-methyltransferase),"Nudt15 (nudix hydrolase 15) and tpmt (thiopurine s-methyltransferase) (eg, drug metabolism) gene analysis, common variants"
2026,0170U,,20260101,N,01950.00,Neuro asd rna next gen seq,RNA gene sequencing for probability of autism spectrum disorder in saliva,"Neurology (autism spectrum disorder [asd]), rna, next-generation sequencing, saliva,  algorithmic analysis, and results reported as predictive probability of asd diagnosis"
2026,0171U,,20260101,N,01519.06,Trgt gen seq alys pnl dna 23,DNA analysis of targeted sequences in 23 genes for detection of abnormalites,"Targeted genomic sequence analysis panel, acute myeloid leukemia, myelodysplastic syndrome, and myeloproliferative neoplasms, dna analysis, 23 genes, interrogation for  sequence variants, rearrangements and minimal residual disease, reported as presence/absence"
2026,0172U,,20260101,N,03030.00,Onc sld tum alys brca1 brca2,"DNA gene analysis (BRCA1, DNA repair associated and BRCA2, DNA repair","Oncology (solid tumor as indicated by the label), somatic mutation analysis of brca1 (brca1, dna repair associated), brca2 (brca2, dna repair associated) and analysis of homologous recombination deficiency pathways, dna, formalin-fixed paraffin-embedded tissue, algorithm quantifying tumor genomic instability score"
2026,0173U,,20260101,N,00466.17,Psyc gen alys panel 14 genes,Gene analysis panel for detection of variants in 14 genes associated with,"Psychiatry (ie, depression, anxiety), genomic analysis panel, includes variant analysis of 14 genes"
2026,0174U,,20260101,N,01305.37,Onc solid tumor 30 prtn trgt,Mass spectrometry testing for 30 protein targets in tissue specimen to predict,"Oncology (solid tumor), mass spectrometric 30 protein targets, formalin-fixed paraffin-embedded tissue, prognostic and predictive algorithm reported as likely, unlikely, or uncertain benefit of 39 chemotherapy and targeted therapeutic oncology agents"
2026,0175U,,20260101,N,01336.09,Psyc gen alys panel 15 genes,Gene analysis panel for detection of variants in 15 genes associated with,"Psychiatry (eg, depression, anxiety), genomic analysis panel, variant analysis of 15 genes"
2026,0176U,,20260101,N,00064.19,Cdtb&vinculin igg antb ia,Test for detection of IgG antibodies associated with irritable bowel syndrome,"Cytolethal distending toxin b (cdtb) and vinculin igg antibodies by immunoassay (ie, elisa)"
2026,0177U,,20260101,N,00274.83,Onc brst ca dna pik3ca 11,"DNA gene analysis (phosphatidylinositol-4,5-bisphosphate 3-kinase catalytic","Oncology (breast cancer), dna, pik3ca (phosphatidylinositol-4,5-bisphosphate 3-kinase catalytic subunit alpha) gene analysis of 11 gene variants utilizing plasma, reported as pik3ca gene mutation status"
2026,0178U,,20260101,N,00459.86,Peanut allg asmt epi clin rx,Test for detection of antigens associated with peanut allergy in blood,"Peanut allergen-specific quantitative assessment of multiple epitopes using enzyme-linked immunosorbent assay (elisa), blood, report of minimum eliciting exposure for a clinical reaction"
2026,0179U,,20260101,N,01943.21,Onc nonsm cll lng ca alys 23,Cell-free DNA analysis of targeted sequences in 23 genes for detection of,"Oncology (non-small cell lung cancer), cell-free dna, targeted sequence analysis of 23 genes (single nucleotide variations, insertions and deletions, fusions without prior knowledge of partner/breakpoint, copy number variations), with report of significant mutation(s)"
2026,0180U,,20260101,N,00274.83,Abo gnotyp abo 7 exons,"Red blood cell antigen genotyping, ABO blood group","Red cell antigen (abo blood group) genotyping (abo), gene analysis sanger/chain termination/conventional sequencing, abo (abo, alpha 1-3-n-acetylgalactosaminyltransferase and alpha 1-3-galactosyltransferase) gene, including subtyping, 7 exons"
2026,0181U,,20260101,N,00185.20,Co gnotyp aqp1 exon 1,"Red blood cell antigen genotyping, Colton blood group","Red cell antigen (colton blood group) genotyping (co), gene analysis, aqp1 (aquaporin 1 [colton blood group]) exon 1"
2026,0182U,,20260101,N,00301.35,Crom gnotyp cd55 exons 1-10,"Red blood cell antigen genotyping, CD55 molecule [Cromer blood group] exons 1-10","Red cell antigen (cromer blood group) genotyping (crom), gene analysis, cd55 (cd55 molecule [cromer blood group]) exons 1-10"
2026,0183U,,20260101,N,00185.20,Di gnotyp slc4a1 exon 19,"Red blood cell antigen genotyping, solute carrier family 4 member 1 [Diego","Red cell antigen (diego blood group) genotyping (di), gene analysis, slc4a1 (solute carrier family 4 member 1 [diego blood group]) exon 19"
2026,0184U,,20260101,N,00185.20,Do gnotyp art4 exon 2,"Red blood cell antigen genotyping, ADP-ribosyltransferase 4 [Dombrock blood","Red cell antigen (dombrock blood group) genotyping (do), gene analysis, art4 (adp-ribosyltransferase 4 [dombrock blood group]) exon 2"
2026,0185U,,20260101,N,00185.20,Fut1 gnotyp fut1 exon 4,"Red blood cell antigen genotyping, fucosyltransferase 1 [H blood group] exon 4","Red cell antigen (h blood group) genotyping (fut1), gene analysis, fut1 (fucosyltransferase 1 [h blood group]) exon 4"
2026,0186U,,20260101,N,00185.20,Fut2 gnotyp fut2 exon 2,"Red blood cell antigen genotyping, fucosyltransferase 2 [H blood group] exon 2","Red cell antigen (h blood group) genotyping (fut2), gene analysis, fut2 (fucosyltransferase 2) exon 2"
2026,0187U,,20260101,N,00274.83,Fy gnotyp ackr1 exons 1-2,"Red blood cell antigen genotyping, atypical chemokine receptor 1 [Duffy blood","Red cell antigen (duffy blood group) genotyping (fy), gene analysis, ackr1 (atypical chemokine receptor 1 [duffy blood group]) exons 1-2"
2026,0188U,,20260101,N,00274.83,Ge gnotyp gypc exons 1-4,"Red blood cell antigen genotyping, glycophorin C [Gerbich blood group] exons 1-4","Red cell antigen (gerbich blood group) genotyping (ge), gene analysis, gypc (glycophorin c [gerbich blood group]) exons 1-4"
2026,0189U,,20260101,N,00274.83,Gypa gnotyp ntrns 1 5 exon 2,"Red blood cell antigen genotyping, glycophorin A [MNS blood group] introns 1,","Red cell antigen (mns blood group) genotyping (gypa), gene analysis, gypa (glycophorin a [mns blood group]) introns 1, 5, exon 2"
2026,0190U,,20260101,N,00274.83,Gypb gnotyp ntrns 1 5 seux 3,"Red blood cell antigen genotyping, glycophorin B [MNS blood group] introns 1,","Red cell antigen (mns blood group) genotyping (gypb), gene analysis, gypb (glycophorin b [mns blood group]) introns 1, 5, pseudoexon 3"
2026,0191U,,20260101,N,00274.83,In gnotyp cd44 exons 2 3 6,"Red blood cell antigen genotyping, CD44 molecule [Indian blood group] exons 2,","Red cell antigen (indian blood group) genotyping (in), gene analysis, cd44 (cd44 molecule [indian blood group]) exons 2, 3, 6"
2026,0192U,,20260101,N,00274.83,Jk gnotyp slc14a1 exon 9,"Red blood cell antigen genotyping, solute carrier family 14 member 1 [Kidd","Red cell antigen (kidd blood group) genotyping (jk), gene analysis, slc14a1 (solute carrier family 14 member 1 [kidd blood group]) gene promoter, exon 9"
2026,0193U,,20260101,N,00282.88,Jr gnotyp abcg2 exons 2-26,"Red blood cell antigen genotyping, ATP binding cassette subfamily G member 2","Red cell antigen (jr blood group) genotyping (jr), gene analysis, abcg2 (atp binding cassette subfamily g member 2 [junior blood group]) exons 2-26"
2026,0194U,,20260101,N,00185.20,Kel gnotyp kel exon 8,"Red blood cell antigen genotyping, Kell metallo-endopeptidase [Kell blood","Red cell antigen (kell blood group) genotyping (kel), gene analysis, kel (kell metallo-endopeptidase [kell blood group]) exon 8"
2026,0195U,,20260101,N,00375.25,Klf1 targeted sequencing,Gene analysis (Kruppel-like factor 1) targeted sequence analysis,"Klf1 (kruppel-like factor 1), targeted sequencing (ie, exon 13)"
2026,0196U,,20260101,N,00185.20,Lu gnotyp bcam exon 3,"Red blood cell antigen genotyping, basal cell adhesion molecule [Lutheran blood","Red cell antigen (lutheran blood group) genotyping (lu), gene analysis, bcam (basal cell adhesion molecule [lutheran blood group]) exon 3"
2026,0197U,,20260101,N,00185.20,Lw gnotyp icam4 exon 1,"Red blood cell antigen genotyping, intercellular adhesion molecule 4","Red cell antigen (landsteiner-wiener blood group) genotyping (lw), gene analysis, icam4 (intercellular adhesion molecule 4 [landsteiner-wiener blood group]) exon 1"
2026,0198U,,20260101,N,00282.88,Rhd&rhce gntyp rhd1-10&rhce5,"Red blood cell antigen genotyping, Rh blood group D antigen exons 1-10 and Rh","Red cell antigen (rh blood group) genotyping (rhd and rhce), gene analysis sanger/chain termination/conventional sequencing, rhd (rh blood group d antigen) exons 1-10 and rhce (rh blood group ccee antigens) exon 5"
2026,0199U,,20260101,N,00274.83,Sc gnotyp ermap exons 4 12,"Red blood cell antigen genotyping, erythroblast membrane associated protein","Red cell antigen (scianna blood group) genotyping (sc), gene analysis, ermap (erythroblast membrane associated protein [scianna blood group]) exons 4, 12"
2026,0200U,,20260101,N,00274.83,Xk gnotyp xk exons 1-3,"Red blood cell antigen genotyping, X-linked Kx blood group exons 1-3","Red cell antigen (kx blood group) genotyping (xk), gene analysis, xk (x-linked kx blood group) exons 1-3"
2026,0201U,,20260101,N,00185.20,Yt gnotyp ache exon 2,"Red blood cell antigen genotyping, acetylcholinesterase [Cartwright blood","Red cell antigen (yt blood group) genotyping (yt), gene analysis, ache (acetylcholinesterase [cartwright blood group]) exon 2"
2026,0202U,,20260101,N,00416.78,Nfct ds 22 trgt sars-cov-2,Test for detection of respiratory disease-causing organisms from back of nose,"Infectious disease (bacterial or viral respiratory tract infection), pathogen-specific nucleic acid (dna or rna), 22 targets including severe acute respiratory syndrome coronavirus 2 (sars-cov-2), qualitative rt-pcr, nasopharyngeal swab, each pathogen reported as detected or not detected"
2026,0203U,,20260101,N,00760.00,Ai ibd mrna xprsn prfl 17,mRNA gene expression profiling of 17 genes in whole blood specimen for,"Autoimmune (inflammatory bowel disease), mrna, gene expression profiling by quantitative rt-pcr, 17 genes (15 target and 2 reference genes), whole blood, reported as a continuous risk score and classification of inflammatory bowel disease aggressiveness"
2026,0205U,,20260101,N,00047.00,Oph amd alys 3 gene variants,Gene analysis for detection of variants in 3 genes in cheek swab specimen for,"Ophthalmology (age-related macular degeneration), analysis of 3 gene variants (2 cfh gene, 1 arms2 gene), using pcr and maldi-tof, buccal swab, reported as positive or negative for neovascular age-related macular-degeneration risk associated with zinc supplements"
2026,0206U,,20260101,N,02215.40,Neuro alzheimer cell aggregj,"Cell aggregation testing of cultured skin cells for Alzheimer disease, reported","Neurology (alzheimer disease); cell aggregation using morphometric imaging and protein kinase c-epsilon (pkce) concentration in response to amylospheroid treatment by elisa, cultured skin fibroblasts, each reported as positive or negative for alzheimer disease"
2026,0207U,,20260101,N,00511.20,Neuro alzheimer quan imaging,"Immunofluorescence testing of cultured skin cells for Alzheimer disease,","Neurology (alzheimer disease); quantitative imaging of phosphorylated erk1 and erk2 in response to bradykinin treatment by in situ immunofluorescence, using cultured skin fibroblasts, reported as a probability index for alzheimer disease (list separately in addition to code for primary procedure)"
2026,0209U,,20260101,N,00787.15,Cytog const alys interrog,Cytogenomic analysis of whole genome for abnormal chromosomes,"Cytogenomic constitutional (genome-wide) analysis, interrogation of genomic regions for copy number, structural changes and areas of homozygosity for chromosomal abnormalities"
2026,0210U,,20260101,N,00018.63,Syphilis tst antb ia quan,Measurement of nontreponemal antibodies associated with syphilis,"Syphilis test, non-treponemal antibody, immunoassay, quantitative (rpr)"
2026,0211U,,20260101,N,08455.00,Onc pan-tum dna&rna gnrj seq,Next-generation sequencing of DNA and RNA in tumor tissue specimen with,"Oncology (pan-tumor), dna and rna by next-generation sequencing, utilizing formalin-fixed paraffin-embedded tissue, interpretative report for single nucleotide variants, copy number alterations, tumor mutational burden, and microsatellite instability, with therapy association"
2026,0212U,,20260101,N,05475.20,Rare ds gen dna alys proband,Rare diseases genetic testing of complete DNA of first affected person in family,"Rare diseases (constitutional/heritable disorders), whole genome and mitochondrial dna sequence analysis, including small sequence changes, deletions, duplications, short tandem repeat gene expansions, and variants in non-uniquely mappable regions, blood or saliva, identification and categorization of genetic variants, proband"
2026,0213U,,20260101,N,02709.95,Rare ds gen dna alys ea comp,Rare diseases genetic testing of complete DNA of relative of affected person in,"Rare diseases (constitutional/heritable disorders), whole genome and mitochondrial dna sequence analysis, including small sequence changes, deletions, duplications, short tandem repeat gene expansions, and variants in non-uniquely mappable regions, blood or saliva, identification and categorization of genetic variants, each comparator genome (eg, parent, sibling)"
2026,0214U,,20260101,N,05224.60,Rare ds xom dna alys proband,Rare diseases genetic testing of protein coding genes of first affected person,"Rare diseases (constitutional/heritable disorders), whole exome and mitochondrial dna sequence analysis, including small sequence changes, deletions, duplications, short tandem repeat gene expansions, and variants in non-uniquely mappable regions, blood or saliva, identification and categorization of genetic variants, proband"
2026,0215U,,20260101,N,02574.65,Rare ds xom dna alys ea comp,Rare diseases genetic testing of protein coding genes of relative of affected,"Rare diseases (constitutional/heritable disorders), whole exome and mitochondrial dna sequence analysis, including small sequence changes, deletions, duplications, short tandem repeat gene expansions, and variants in non-uniquely mappable regions, blood or saliva, identification and categorization of genetic variants, each comparator exome (eg, parent, sibling)"
2026,0216U,,20260101,N,01537.02,Neuro inh ataxia dna 12 com,DNA analysis of gene sequence of 12 genes for identification and,"Neurology (inherited ataxias), genomic dna sequence analysis of 12 common genes including small sequence changes, deletions, duplications, short tandem repeat gene expansions, and variants in non-uniquely mappable regions, blood or saliva, identification and categorization of genetic variants"
2026,0217U,,20260101,N,02198.35,Neuro inh ataxia dna 51 gene,DNA analysis of gene sequence of 51 genes for identification and,"Neurology (inherited ataxias), genomic dna sequence analysis of 51 genes including small sequence changes, deletions, duplications, short tandem repeat gene expansions, and variants in non-uniquely mappable regions, blood or saliva, identification and categorization of genetic variants"
2026,0218U,,20260101,N,02279.00,Neuro musc dys dmd seq alys,DNA analysis of gene sequence for identification and characterization of,"Neurology (muscular dystrophy), dmd gene sequence analysis, including small sequence changes, deletions, duplications, and variants in non-uniquely mappable regions, blood or saliva, identification and characterization of genetic variants"
2026,0219U,,20260101,N,00725.00,Nfct agt hiv gnrj seq alys,Gene analysis of human immunodeficiency virus targeted sequence analysis for,"Infectious agent (human immunodeficiency virus), targeted viral next-generation sequence analysis (ie, protease [pr], reverse transcriptase [rt], integrase [int]), algorithm reported as prediction of antiviral drug susceptibility"
2026,0220U,,20260101,N,00706.25,Onc brst ca ai assmt 12 feat,Image analysis of breast cancer cell specimen with artificial intelligence,"Oncology (breast cancer), image analysis with artificial intelligence assessment of 12 histologic and immunohistochemical features, reported as a recurrence score"
2026,0221U,,20260101,N,00274.83,Abo gnotyp next gnrj seq abo,"Red blood cell antigen genotyping, ABO, alpha","Red cell antigen (abo blood group) genotyping (abo), gene analysis, next-generation sequencing, abo (abo, alpha 1-3-n-acetylgalactosaminyltransferase and alpha 1-3-galactosyltransferase) gene"
2026,0222U,,20260101,N,00282.88,Rhd&rhce gntyp next gnrj seq,"Red blood cell antigen genotyping, RH proximal promoter, exons 1-10, portions","Red cell antigen (rh blood group) genotyping (rhd and rhce), gene analysis, next-generation sequencing, rh proximal promoter, exons 1-10, portions of introns 2-3"
2026,0223U,,20260101,N,00416.78,Nfct ds 22 trgt sars-cov-2,Test for detection of respiratory disease-causing organisms from back of nose,"Infectious disease (bacterial or viral respiratory tract infection), pathogen-specific nucleic acid (dna or rna), 22 targets including severe acute respiratory syndrome coronavirus 2 (sars-cov-2), qualitative rt-pcr, nasopharyngeal swab, each pathogen reported as detected or not detected"
2026,0224U,,20260101,N,00051.43,Antibody sars-cov-2 titer(s),Measurement of antibody to severe acute respiratory syndrome coronavirus 2,"Antibody, severe acute respiratory syndrome coronavirus 2 (sars-cov-2) (coronavirus disease [covid-19]), includes titer(s), when performed"
2026,0225U,,20260101,N,00416.78,Nfct ds dna&rna 21 sarscov2,"Test for detection of respiratory disease-causing organisms, 21 target","Infectious disease (bacterial or viral respiratory tract infection) pathogen-specific dna and rna, 21 targets, including severe acute respiratory syndrome coronavirus 2 (sars-cov-2), amplified probe technique, including multiplex reverse transcription for rna targets, each analyte reported as detected or not detected"
2026,0226U,,20260101,N,00042.28,Svnt sarscov2 elisa plsm srm,Surrogate viral neutralization test (sVNT) for detection of antibodies to,"Surrogate viral neutralization test (svnt), severe acute respiratory syndrome coronavirus 2 (sars-cov-2) (coronavirus disease [covid-19]), elisa, plasma, serum"
2026,0227U,,20260101,N,00062.14,Rx asy prsmv 30+rx/metablt,Presumptive drug testing for 30 or more drugs in urine,"Drug assay, presumptive, 30 or more drugs or metabolites, urine, liquid chromatography with tandem mass spectrometry (lc-ms/ms) using multiple reaction monitoring (mrm), with drug or metabolite description, includes sample validation"
2026,0228U,,20260101,N,00173.03,Onc prst8 ma molec prfl alg,Detection test by photometric technique for macromolecules in urine to evaluate,"Oncology (prostate), multianalyte molecular profile by photometric detection of macromolecules adsorbed on nanosponge array slides with machine learning, utilizing first morning voided urine, algorithm reported as likelihood of prostate cancer"
2026,0229U,,20260101,N,00384.00,Bcat1&ikzf1 prmtr mthyln aly,Gene analysis (branched chain amino acid transaminase 1 and IKAROS family zinc,"Bcat1 (branched chain amino acid transaminase 1) and ikzf1 (ikaros family zinc finger 1) (eg, colorectal cancer) promoter methylation analysis"
2026,0230U,,20260101,N,00301.35,Ar full sequence analysis,"Gene analysis (androgen receptor), full sequence analysis","Ar (androgen receptor) (eg, spinal and bulbar muscular atrophy, kennedy disease, x chromosome inactivation), full sequence analysis, including small sequence changes in exonic and intronic regions, deletions, duplications, short tandem repeat (str) expansions, mobile element insertions, and variants in non-uniquely mappable regions"
2026,0231U,,20260101,N,00846.27,Cacna1a full gene analysis,"Gene analysis (calcium voltage-gated channel subunit alpha 1A), full gene","Cacna1a (calcium voltage-gated channel subunit alpha 1a) (eg, spinocerebellar ataxia), full gene analysis, including small sequence changes in exonic and intronic regions, deletions, duplications, short tandem repeat (str) gene expansions, mobile element insertions, and variants in non-uniquely mappable regions"
2026,0232U,,20260101,N,00274.83,Cstb full gene analysis,"Gene analysis (cystatin B), full gene analysis","Cstb (cystatin b) (eg, progressive myoclonic epilepsy type 1a, unverricht-lundborg disease), full gene analysis, including small sequence changes in exonic and intronic regions, deletions, duplications, short tandem repeat (str) expansions, mobile element insertions, and variants in non-uniquely mappable regions"
2026,0233U,,20260101,N,00274.83,Fxn gene analysis,Gene analysis (frataxin),"Fxn (frataxin) (eg, friedreich ataxia), gene analysis, including small sequence changes in exonic and intronic regions, deletions, duplications, short tandem repeat (str) expansions, mobile element insertions, and variants in non-uniquely mappable regions"
2026,0234U,,20260101,N,00527.87,Mecp2 full gene analysis,"Gene analysis (methyl CpG binding protein 2), full gene analysis","Mecp2 (methyl cpg binding protein 2) (eg, rett syndrome), full gene analysis, including small sequence changes in exonic and intronic regions, deletions, duplications, mobile element insertions, and variants in non-uniquely mappable regions"
2026,0235U,,20260101,N,00600.00,Pten full gene analysis,"Gene analysis (phosphatase and tensin homolog), full gene analysis","Pten (phosphatase and tensin homolog) (eg, cowden syndrome, pten hamartoma tumor syndrome), full gene analysis, including small sequence changes in exonic and intronic regions, deletions, duplications, mobile element insertions, and variants in non-uniquely mappable regions"
2026,0236U,,20260101,N,00602.70,Smn1&smn2 full gene analysis,"Gene analysis (survival of motor neuron 1, telomeric and survival of motor","Smn1 (survival of motor neuron 1, telomeric) and smn2 (survival of motor neuron 2, centromeric) (eg, spinal muscular atrophy) full gene analysis, including small sequence changes in exonic and intronic regions, duplications and deletions, and mobile element insertions"
2026,0237U,,20260101,N,00584.90,Car ion chnlpthy gen seq pnl,"Gene analysis for cardiac ion channelopathies, genomic sequence analysis","Cardiac ion channelopathies (eg, brugada syndrome, long qt syndrome, short qt syndrome, catecholaminergic polymorphic ventricular tachycardia), genomic sequence analysis panel including ank2, casq2, cav3, kcne1, kcne2, kcnh2, kcnj2, kcnq1, ryr2, and scn5a, including small sequence changes in exonic and intronic regions, deletions, duplications, mobile element insertions, and variants in non-uniquely mappable regions"
2026,0238U,,20260101,N,00584.90,Onc lnch syn gen dna seq aly,"DNA sequence analysis of MLH1, MSH2, MSH6, PMS2, and EPCAM for Lynch syndrome","Oncology (lynch syndrome), genomic dna sequence analysis of mlh1, msh2, msh6, pms2, and epcam, including small sequence changes in exonic and intronic regions, deletions, duplications, mobile element insertions, and variants in non-uniquely mappable regions"
2026,0239U,,20260101,N,03500.00,Trgt gen seq alys pnl 311+,Gene analysis of 311 or more genes associated with solid organ cancer in,"Targeted genomic sequence analysis panel, solid organ neoplasm, cell-free dna, analysis of 311 or more genes, interrogation for sequence variants, including substitutions, insertions, deletions, select rearrangements, and copy number variations"
2026,0242U,,20260101,N,05000.00,Trgt gen seq alys pnl 55-74,Gene analysis of 55-74 genes associated with solid organ cancer in cell-free,"Targeted genomic sequence analysis panel, solid organ neoplasm, cell-free circulating dna analysis of 55-74 genes, interrogation for sequence variants, gene copy number amplifications, and gene rearrangements"
2026,0243U,,20260101,N,00064.41,Ob pe biochem assay pgf alg,Time-resolved fluorescence immunoassay of placental-growth factor in maternal,"Obstetrics (preeclampsia), biochemical assay of placental-growth factor, time-resolved fluorescence immunoassay, maternal serum, predictive algorithm reported as a risk score for preeclampsia"
2026,0244U,,20260101,N,03500.00,Onc solid orgn dna 257 genes,Gene analysis of 257 genes associated with solid organ cancer in tumor tissue,"Oncology (solid organ), dna, comprehensive genomic profiling, 257 genes, interrogation for single-nucleotide variants, insertions/deletions, copy number alterations, gene rearrangements, tumor-mutational burden and microsatellite instability, utilizing formalin-fixed paraffin-embedded tumor tissue"
2026,0245U,,20260101,N,01266.07,Onc thyr mut alys 10 gen&37,"Gene analysis of 10 genes and 37 RNA fusions and expression of 4 mRNA markers,","Oncology (thyroid), mutation analysis of 10 genes and 37 rna fusions and expression of 4 mrna markers using next-generation sequencing, fine needle aspirate, report includes associated risk of malignancy expressed as a percentage"
2026,0246U,,20260101,N,00720.00,Rbc dna gnotyp 16 bld groups,Blood typing for 16 or more blood groups with phenotype prediction of 51 or,"Red blood cell antigen typing, dna, genotyping of at least 16 blood groups with phenotype prediction of at least 51 red blood cell antigens"
2026,0247U,,20260101,N,00750.00,Ob prtrm brth ibp4 shbg meas,Quantitative measurement of insulin-like growth factor-binding protein 4 and,"Obstetrics (preterm birth), insulin-like growth factor-binding protein 4 (ibp4), sex hormone-binding globulin (shbg), quantitative measurement by lc-ms/ms, utilizing maternal serum, combined with clinical data, reported as predictive-risk stratification for spontaneous preterm birth"
2026,0248U,,20260101,N,03033.86,Onc sphrd cell cul 12 rx pnl,Culture of brain cancer cells to predict tumor response to a 12-drug panel,"Oncology, spheroid cell culture in 3d microenvironment, 12-drug panel, brain- or brain metastasis- response prediction for each drug"
2026,0249U,,20260101,N,02219.13,Onc brst alys 32 phsprtn alg,Analysis of 32 phosphoproteins and protein analytes associated with breast,"Oncology (breast), semiquantitative analysis of 32 phosphoproteins and protein analytes, includes laser capture microdissection, with algorithmic analysis and interpretative report"
2026,0250U,,20260101,N,02919.60,Onc sld org neo dna 505 gene,Gene analysis of 505 genes associated with solid organ cancer in tumor tissue,"Oncology (solid organ neoplasm), targeted genomic sequence dna analysis of 505 genes, interrogation for somatic alterations (snvs [single nucleotide variant], small insertions and deletions, one amplification, and four translocations), microsatellite instability and tumor-mutation burden"
2026,0251U,,20260101,N,00017.27,Hepcidin-25 elisa serum/plsm,ELISA assay for hepacidin-25 in serum or plasma,"Hepcidin-25, enzyme-linked immunosorbent assay (elisa), serum or plasma"
2026,0252U,,20260101,N,00759.05,Ftl aneuploidy str alys dna,"Analysis of fetal DNA, short tandem-repeat comparative analysis, for abnormal","Fetal aneuploidy short tandem-repeat comparative analysis, fetal dna from products of conception, reported as normal (euploidy), monosomy, trisomy, or partial deletion/duplications, mosaicism, and segmental aneuploidy"
2026,0253U,,20260101,N,03159.42,Rprdtve med rna gen prfl 238,RNA gene expression profiling of 238 genes by next-generation sequencing,"Reproductive medicine (endometrial receptivity analysis), rna gene expression profile, 238 genes by next-generation sequencing, endometrial tissue, predictive algorithm reported as endometrial window of implantation (eg, pre-receptive, receptive, post-receptive)"
2026,0254U,,20260101,N,00759.05,Reprdtve med alys 24 chrmsm,Preimplantation genetic assessment of embryo by gene sequence analysis of 24,"Reproductive medicine (preimplantation genetic assessment), analysis of 24 chromosomes using embryonic dna genomic sequence analysis for aneuploidy, and a mitochondrial dna   score in euploid embryos, results reported as normal (euploidy), monosomy, trisomy, or partial deletion/duplications, mosaicism, and segmental aneuploidy, per embryo tested"
2026,0255U,,20260101,N,00031.60,Andrology infertility assmt,Evaluation of sperm using fluorescence microscopic evaluation of ganglioside,"Andrology (infertility), sperm-capacitation assessment of ganglioside gm1 distribution patterns, fluorescence microscopy, fresh or frozen specimen, reported as percentage of capacitated sperm and probability of generating a pregnancy score"
2026,0256U,,20260101,N,00159.95,Tma/tmao prfl lcms/ms ur alg,Tandem mass spectroscopy (MS/MS) profile of trimethylamine/trimethylamine,"Trimethylamine/trimethylamine n-oxide (tma/tmao) profile, liquid chromatography tandem mass spectrometry (lc-ms/ms), urine, with algorithmic analysis and interpretive report"
2026,0257U,,20260101,N,00712.47,Vlcad leuk nzm actv whl bld,Evaluation of very long chain acyl-coenzyme A (CoA) dehydrogenase (VLCAD) white,"Very long chain acyl-coenzyme a (coa) dehydrogenase (vlcad), leukocyte enzyme activity, whole blood"
2026,0258U,,20260101,N,03675.00,Ai psor mrna 50-100 gen alg,"mRNA gene expression profiling of 50-100 genes in skin surface specimen,","Autoimmune (psoriasis), mrna, nextgeneration sequencing, gene expression profiling of 50-100 genes, skin-surface collection using adhesive patch, algorithm reported as likelihood of response to psoriasis biologics"
2026,0259U,,20260101,N,00052.71,Neph ckd nuc mrs meas gfr,"Nuclear MR spectroscopy measurement of myo-inositol, valine, and creatinine,","Nephrology (chronic kidney disease), nuclear magnetic resonance spectroscopy measurement of myo-inositol, valine, and creatinine, algorithmically combined with cystatin c (by immunoassay) and demographic data to determine estimated glomerular filtration rate (gfr), serum, quantitative"
2026,0260U,,20260101,N,01263.53,Rare ds id opt genome mapg,Optical genome mapping for detection of abnormalities associated with rare,"Rare diseases (constitutional/heritable disorders), identification of copy number variations, inversions, insertions, translocations, and other structural variants by optical genome mapping"
2026,0261U,,20260101,N,02513.25,Onc clrct ca img alys w/ai,Image analysis with artificial intelligence assessment of 4 cellular and immune,"Oncology (colorectal cancer), image analysis with artificial intelligence assessment of 4 histologic and immunohistochemical features (cd3 and cd8 within tumor-stroma border and tumor core), tissue, reported as immune response and recurrence-risk score"
2026,0262U,,20260101,N,03200.00,Onc sld tum rt-pcr 7 gen,mRNA gene expression profiling of 7 gene pathways in solid organ tumor tissue,"Oncology (solid tumor), gene expression profiling by real-time rt-pcr of 7 gene pathways (er, ar, pi3k, mapk, hh, tgfb, notch), formalin-fixed paraffinembedded (ffpe), algorithm reported as gene pathway activity score"
2026,0263U,,20260101,N,00750.00,Neuro asd meas 16 c metblt,LC-MS/MS spectroscopy of 16 central carbon metabolites associated with autism,"Neurology (autism spectrum disorder [asd]), quantitative measurements of 16   central carbon metabolites (ie,  ketoglutarate, alanine, lactate, phenylalanine, pyruvate, succinate, carnitine, citrate, fumarate, hypoxanthine, inosine, malate, s-sulfocysteine, taurine, urate, and xanthine), liquid chromatography tandem mass spectrometry (lc-ms/ms), plasma, algorithmic analysis with result reported as negative or positive (with metabolic subtypes of asd)"
2026,0264U,,20260101,N,01263.53,Rare ds id opt genome mapg,Detection of abnormalities associated with rare heritable diseases by optical,"Rare diseases (constitutional/heritable disorders), identification of copy number variations, inversions, insertions, translocations, and other structural variants by optical genome mapping"
2026,0265U,,20260101,N,05475.80,Rar do whl gn&mtcdrl dna als,Whole genome and mDNA sequence analysis for detection of abnormalities,"Rare constitutional and other heritable disorders, whole genome and mitochondrial dna sequence analysis, blood, frozen and formalin-fixed paraffinembedded (ffpe) tissue, saliva, buccal swabs or cell lines, identification of single nucleotide and copy number variants"
2026,0266U,,20260101,N,03200.00,Unxpl cnst hrtbl do gn xprsn,Gene expression profiling by whole transcriptone and next-generation sequencing,"Unexplained constitutional or other heritable disorders or syndromes, tissuespecific gene expression by wholetranscriptome and next-generation sequencing, blood, formalin-fixed paraffinembedded (ffpe) tissue or fresh frozen tissue, reported as presence or absence of splicing or expression changes"
2026,0267U,,20260101,N,06739.33,Rare do id opt gen mapg&seq,Optical genome mapping and whole genome sequencing for detection of,"Rare constitutional and other heritable disorders, identification of copy number variations, inversions, insertions, translocations, and other structural variants by optical genome mapping and whole genome sequencing"
2026,0268U,,20260101,N,00608.17,Hem ahus gen seq alys 15 gen,Genomic sequence analysis of 15 genes for detection of abnormalities associated,"Hematology (atypical hemolytic uremic syndrome [ahus]), genomic sequence analysis of 15 genes, blood, buccal swab, or amniotic fluid"
2026,0269U,,20260101,N,00608.17,Hem aut dm cgen trmbctpna 22,Genomic sequence analysis of 22 genes for detection of abnormalities associated,"Hematology (autosomal dominant congenital thrombocytopenia), genomic sequence analysis of 22 genes, blood, buccal swab, or amniotic fluid"
2026,0270U,,20260101,N,00608.17,Hem cgen coagj do 20 genes,Genomic sequence analysis of 20 genes for detection of abnormalities associated,"Hematology (congenital coagulation disorders), genomic sequence analysis of 20 genes, blood, buccal swab, or amniotic fluid"
2026,0271U,,20260101,N,00608.17,Hem cgen neutropenia 24 gen,Genomic sequence analysis of 24 genes for detection of abnormalities associated,"Hematology (congenital neutropenia), genomic sequence analysis of 24 genes, blood, buccal swab, or amniotic fluid"
2026,0272U,,20260101,N,00608.17,Hem genetic bld do 60 genes,Comprehensive genomic sequence analysis of 60 genes for detection of,"Hematology (genetic bleeding disorders), genomic sequence analysis of 60 genes and duplication/deletion of plau, blood, buccal swab, or amniotic fluid, comprehensive"
2026,0273U,,20260101,N,00608.17,Hem gen hyprfibrnlysis 8 gen,Genomic sequence analysis of 9 genes for detection of abnormalities associated,"Hematology (genetic hyperfibrinolysis, delayed bleeding), genomic sequence analysis of 8 genes (f13a1, f13b, fga, fgb, fgg, serpina1, serpine1, serpinf2, plau), blood, buccal swab, or amniotic fluid"
2026,0274U,,20260101,N,00608.17,Hem gen pltlt do 62 genes,Genomic sequence analysis of 62 genes for detection of abnormalities associated,"Hematology (genetic platelet disorders), genomic sequence analysis of 62 genes and duplication/deletion of plau, blood, buccal swab, or amniotic fluid"
2026,0275U,,20260101,N,00018.37,Hem heprn nduc trmbctpna srm,Flow cytometry detection of platelet antibody reactivity in serum for,"Hematology (heparin-induced thrombocytopenia), platelet antibody reactivity by flow cytometry, serum"
2026,0276U,,20260101,N,02448.56,Hem inh thrombocytopenia 42,Genomic sequence analysis of 42 genes for detection of abnormalities associated,"Hematology (inherited thrombocytopenia), genomic sequence analysis of 42 genes, blood, buccal swab, or amniotic fluid"
2026,0277U,,20260101,N,00608.17,Hem gen pltlt funcj do 40,Genomic sequence analysis of 40 genes for detection of abnormalities associated,"Hematology (genetic platelet function disorder), genomic sequence analysis of 40 genes and duplication/deletion of plau, blood, buccal swab, or amniotic fluid"
2026,0278U,,20260101,N,00608.17,Hem gen thrombosis 14 genes,Genomic sequence analysis of 14 genes for detection of abnormalities associated,"Hematology (genetic thrombosis), genomic sequence analysis of 14 genes, blood, buccal swab, or amniotic fluid"
2026,0279U,,20260101,N,00011.53,Hem vw factor&clgn iii bndg,ELISA detection of von Willebrand factor (VWF) and collagen III binding in,"Hematology (von willebrand disease [vwd]), von willebrand factor (vwf) and collagen iii binding by enzyme-linked immunosorbent assays (elisa), plasma, report of collagen iii binding"
2026,0280U,,20260101,N,00017.27,Hem vw factor&clgn iv bndg,ELISA detection of von Willebrand factor (VWF) and collagen IV binding in,"Hematology (von willebrand disease [vwd]), von willebrand factor (vwf) and collagen iv binding by enzyme-linked immunosorbent assays (elisa), plasma, report of collagen iv binding"
2026,0281U,,20260101,N,00017.27,Hem vwd propeptide ag lvl,"ELISA measurement of von Willebrand propeptide in plasma specimen, diagnostic","Hematology (von willebrand disease [vwd]), von willebrand propeptide, enzyme-linked immunosorbent assays (elisa), plasma, diagnostic report of von willebrand factor (vwf) propeptide antigen level"
2026,0282U,,20260101,N,00720.00,Rbc dna gntyp 12 bld grp gen,Red blood cell antigen genotyping of 12 blood group system genes to predict 44,"Red blood cell antigen typing, dna, genotyping of 12 blood group system genes to predict 44 red blood cell antigen phenotypes"
2026,0283U,,20260101,N,00018.40,Vw factor type 2b eval plsm,"Radioimmunoassay platelet-binding evaluation of von Willebrand factor (VWF),","Von willebrand factor (vwf), type 2b, platelet-binding evaluation, radioimmunoassay, plasma"
2026,0284U,,20260101,N,00017.27,Vw factor type 2n eval plsm,"ELISA evaluation of von Willebrand factor (VWF), type 2N, factor VIII and VWF","Von willebrand factor (vwf), type 2n, factor viii and vwf binding evaluation, enzyme-linked immunosorbent assays (elisa), plasma"
2026,0285U,,20260101,N,00443.31,Onc ds prog&rspse mntr radj,Evaluation of response to radiation in cell-free DNA by quantitative branched,"Oncology, disease progression and response monitoring to radiation, chemotherapy, or other systematic cancer treatments, cell-free dna, quantitative branched chain dna amplification, plasma, reported in ng/ml"
2026,0286U,,20260101,N,00134.13,Cep72 nudt15&tpmt gene alys,"Gene analysis of centrosomal protein, 72-Kda (CEP72), nudix hydrolase 15","Cep72 (centrosomal protein, 72-kda), nudt15 (nudix hydrolase 15) and tpmt (thiopurine s-methyltransferase) (eg, drug metabolism) gene analysis, common variants"
2026,0287U,,20260101,N,03600.00,Onc thyr dna&mrna 112 genes,"Next-generation DNA and RNA sequencing of 112 genes in tumor specimen, with","Oncology (thyroid), dna and mrna, next-generation sequencing analysis of 112 genes, fine needle aspirate or formalin-fixed paraffin-embedded (ffpe) tissue, algorithmic prediction of cancer recurrence, reported as a categorical risk result (low, intermediate, high)"
2026,0288U,,20260101,N,03873.00,Onc lung mrna quan pcr 11&3,"PCR measurement of 11 genes (BAG1, BRCA1, CDC6, CDK2AP1, ERBB3, FUT3, IL11,","Oncology (lung), mrna, quantitative pcr analysis of 11 genes (bag1, brca1, cdc6, cdk2ap1, erbb3, fut3, il11, lck, rnd3, sh3bgr, wnt3a) and 3 reference genes (esd, tbp, yap1), formalin-fixed paraffin-embedded (ffpe) tumor tissue, algorithmic interpretation reported as a recurrence risk score"
2026,0289U,,20260101,N,00760.00,Neuro alzheimer mrna 24 gen,mRNA gene expression profiling of 24 genes in whole blood for detection of,"Neurology (alzheimer disease), mrna, gene expression profiling by rna sequencing of 24 genes, whole blood, algorithm reported as predictive risk score"
2026,0290U,,20260101,N,00760.00,Pain mgmt mrna gen xprsn 36,mRNA gene expression profiling of 36 genes in whole blood for pain management,"Pain management, mrna, gene expression profiling by rna sequencing of 36 genes, whole blood, algorithm reported as predictive risk score"
2026,0291U,,20260101,N,01755.00,Psyc mood do mrna 144 genes,mRNA gene expression profiling of 144 genes in whole blood for detection of,"Psychiatry (mood disorders), mrna, gene expression profiling by rna sequencing 144 genes, whole blood, algorithm reported as predictive risk score"
2026,0292U,,20260101,N,01755.00,Psyc strs do mrna 72 genes,mRNA gene expression profiling of 72 genes in whole blood for detection of,"Psychiatry (stress disorders), mrna, gene expression profiling by rna sequencing of 72 genes, whole blood, algorithm reported as predictive risk score"
2026,0293U,,20260101,N,00760.00,Psyc suicidal idea mrna 54,mRNA gene expression profiling of 54 genes in whole blood for detection of,"Psychiatry (suicidal ideation), mrna, gene expression profiling by rna sequencing of 54 genes, whole blood, algorithm reported as predictive risk score"
2026,0294U,,20260101,N,00760.00,Lngvty&mrtlty rsk mrna 18gen,mRNA gene expression profiling of 18 genes in whole blood for detection of,"Longevity and mortality risk, mrna, gene expression profiling by rna sequencing of 18 genes, whole blood, algorithm reported as predictive risk score"
2026,0295U,,20260101,N,05435.00,Onc brst dux carc 7 proteins,"Protein expression profiling by immunohistochemistry of 7 proteins (COX2,","Oncology (breast ductal carcinoma in situ), protein expression profiling by immunohistochemistry of 7 proteins (cox2, foxa1, her2, ki-67, p16, pr, siah2), with 4 clinicopathologic factors (size, age, margin status, palpability), utilizing formalin-fixed paraffin-embedded (ffpe) tissue, algorithm reported as a recurrence risk score"
2026,0296U,,20260101,N,01950.00,Onc orl&/orop ca 20 mlc feat,"mRNA gene expression profiling of at least 20 molecular features in saliva,","Oncology (oral and/or oropharyngeal cancer), gene expression profiling by rna sequencing of at least 20 molecular features (eg, human and/or microbial mrna), saliva, algorithm reported as positive or negative for signature associated with malignancy"
2026,0297U,,20260101,N,02919.60,Onc pan tum whl gen seq dna,"Whole genome sequencing of paired tumor and normal DNA specimens, in tissue,","Oncology (pan tumor), whole genome sequencing of paired malignant and normal dna specimens, fresh or formalin-fixed paraffin-embedded (ffpe) tissue, blood or bone marrow, comparative sequence analyses and variant identification"
2026,0298U,,20260101,N,02919.60,Onc pan tum whl trns seq rna,"Whole transcriptome sequencing of paired tumor and normal DNA specimens, in","Oncology (pan tumor), whole transcriptome sequencing of paired malignant and normal rna specimens, fresh or formalin-fixed paraffin-embedded (ffpe) tissue, blood or bone marrow, comparative sequence analyses and expression level and chimeric transcript identification"
2026,0299U,,20260101,N,01863.22,Onc pan tum whl gen opt mapg,"Whole transcriptome sequencing of paired tumor and normal DNA specimens, in","Oncology (pan tumor), whole genome optical genome mapping of paired malignant and normal dna specimens, fresh frozen tissue, blood, or bone marrow, comparative structural variant identification"
2026,0300U,,20260101,N,04183.13,Onc pan tum whl gen seq&opt,Whole genome sequencing and optical genome mapping of paired tumor and normal,"Oncology (pan tumor), whole genome sequencing and optical genome mapping of paired malignant and normal dna specimens, fresh tissue, blood, or bone marrow, comparative sequence analyses and variant identification"
2026,0301U,,20260101,N,00262.72,Iadna bartonella ddpcr,Droplet digital PCR (ddPCR) detection of Bartonella henselae and Bartonella,"Infectious agent detection by nucleic acid (dna or rna), bartonella henselae and bartonella quintana, droplet digital pcr (ddpcr)"
2026,0302U,,20260101,N,00361.37,Iadna brtnla ddpcr flwg liq,Droplet digital PCR (ddPCR) detection of Bartonella henselae and Bartonella,"Infectious agent detection by nucleic acid (dna or rna), bartonella henselae and bartonella quintana, droplet digital pcr (ddpcr); following liquid enrichment"
2026,0303U,,20260101,N,02201.62,Hem rbc ads whl bld hypoxic,Functional assessment of red blood cell adhesion to endothelial/subendothelial,"Hematology, red blood cell (rbc) adhesion to endothelial/subendothelial adhesion molecules, functional assessment, whole blood, with algorithmic analysis and result reported as an rbc adhesion index; hypoxic"
2026,0304U,,20260101,N,02075.80,Hem rbc ads whl bld normoxic,Functional assessment of red blood cell adhesion to endothelial/subendothelial,"Hematology, red blood cell (rbc) adhesion to endothelial/subendothelial adhesion molecules, functional assessment, whole blood, with algorithmic analysis and result reported as an rbc adhesion index; normoxic"
2026,0305U,,20260101,N,00662.58,Hem rbc fnclty&dfrm shr strs,Evaluation of red blood cell functionality and deformability under shear stress,"Hematology, red blood cell (rbc) functionality and deformity as a function of shear stress, whole blood, reported as a maximum elongation index"
2026,0306U,,20260101,N,03878.45,Onc mrd nxt-gnrj alys 1st,"Initial baseline gene analysis for minimum residual disease in cancer,","Oncology (minimal residual disease [mrd]), next-generation targeted sequencing analysis, cell-free dna, initial (baseline) assessment to determine a patient-specific panel for future comparisons to evaluate for mrd"
2026,0307U,,20260101,N,00794.49,Onc mrd nxt-gnrj alys sbsq,"Subsequent gene analysis for minimum residual disease in cancer,","Oncology (minimal residual disease [mrd]), next-generation targeted sequencing analysis of a patient-specific panel, cell-free dna, subsequent assessment with comparison to previously analyzed patient specimens to evaluate for mrd"
2026,0308U,,20260101,N,00390.75,Crd cad alys 3 prtn 3 param,"Analysis of 3 proteins in plasma specimen, algorithm reported as risk score for","Cardiology (coronary artery disease [cad]), analysis of 3 proteins (high sensitivity [hs] troponin, adiponectin, and kidney injury molecule-1 [kim-1] with 3 clinical parameters (age, sex, history of cardiac intervention), plasma, algorithm reported as a risk score for obstructive cad"
2026,0309U,,20260101,N,00390.75,Crd cv ds aly 4 prtn plm alg,"Analysis of 4 proteins (NT-proBNP, osteopontin, tissue inhibitor of","Cardiology (cardiovascular disease), analysis of 4 proteins (nt-probnp, osteopontin, tissue inhibitor of metalloproteinase-1 [timp-1], and kidney injury molecule-1 [kim-1]), plasma, algorithm reported as a risk score for major adverse cardiac event"
2026,0310U,,20260101,N,00390.75,Ped vsclts kd alys 3 bmrks,"Analysis of 3 biomarkers (NT-proBNP, C-reactive protein, and T-uptake) for","Pediatrics (vasculitis, kawasaki disease [kd]), analysis of 3 biomarkers (nt-probnp, c-reactive protein, and t-uptake), plasma, algorithm reported as a risk score for kd"
2026,0311U,,20260101,N,00008.08,Nfct ds bct quan antmcrb sc,"Measurement of bacterial susceptibility to antibiotics, reported as phenotypic","Infectious disease (bacterial), quantitative antimicrobial susceptibility reported as phenotypic minimum inhibitory concentration (mic)-based antimicrobial susceptibility for each organism identified"
2026,0312U,,20260101,N,00840.65,Ai ds sle alys 8 igg autoant,Analysis of 8 IgG autoantibodies and 2 cell-bound complement activation,"Autoimmune diseases (eg, systemic lupus erythematosus [sle]), analysis of 8 igg autoantibodies and 2 cell-bound complement activation products using enzyme-linked immunosorbent immunoassay (elisa), flow cytometry and indirect immunofluorescence, serum, or plasma and whole blood, individual components reported along with an algorithmic sle-likelihood assessment"
2026,0313U,,20260101,N,03600.00,Onc pncrs dna&mrna seq 74,DNA and mRNA next-generation sequencing analysis of 74 genes and analysis of,"Oncology (pancreas), dna and mrna next-generation sequencing analysis of 74 genes and analysis of cea (ceacam5) gene expression, pancreatic cyst fluid, algorithm reported as a categorical result (ie, negative, low probability of neoplasia or positive, high probability of neoplasia)"
2026,0314U,,20260101,N,01950.00,Onc cutan mlnma mrna 35 gene,mRNA gene expression profiling by real-time polymerase chain reaction (RT-PCR),"Oncology (cutaneous melanoma), mrna gene expression profiling by rt-pcr of 35 genes (32 content and 3 housekeeping), utilizing formalin-fixed paraffin-embedded (ffpe) tissue, algorithm reported as a categorical result (ie, benign, intermediate, malignant)"
2026,0315U,,20260101,N,08500.00,Onc cutan sq cll ca mrna 40,mRNA gene expression profiling by real-time polymerase chain reaction (RT-PCR),"Oncology (cutaneous squamous cell carcinoma), mrna gene expression profiling by rt-pcr of 40 genes (34 content and 6 housekeeping), utilizing formalin-fixed paraffin-embedded (ffpe) tissue, algorithm reported as a categorical risk result (ie, class 1, class 2a, class 2b)"
2026,0316U,,20260101,N,00018.66,B brgdrferi lyme ds ospa evl,Evaluation of outer surface protein A (OspA) of Borrelia burgdorferi (Lyme,"Borrelia burgdorferi (lyme disease), ospa protein evaluation, urine"
2026,0317U,,20260101,N,02030.00,Onc lung ca 4-prb fish assay,"Four-probe fluorescence in situ hybridization (FISH) (3q29, 3p22.1, 10q22.3,","Oncology (lung cancer), four-probe fish (3q29, 3p22.1, 10q22.3, 10cen) assay, whole blood, predictive algorithm-generated evaluation reported as decreased or increased risk for lung cancer"
2026,0318U,,20260101,N,01770.48,Ped whl gen mthyltn alys 50+,Whole genome methylation analysis by microarray for 50 or more genes associated,"Pediatrics (congenital epigenetic disorders), whole genome methylation analysis by microarray for 50 or more genes, blood"
2026,0319U,,20260101,N,02650.00,Neph rna pretrnspl perph bld,RNA gene expression profiling by select transcriptome sequencing in peripheral,"Nephrology (renal transplant), rna expression by select transcriptome sequencing, using pretransplant peripheral blood, algorithm reported as a risk score for early acute rejection"
2026,0320U,,20260101,N,02650.00,Neph rna psttrnspl perph bld,RNA gene expression profiling by select transcriptome sequencing in peripheral,"Nephrology (renal transplant), rna expression by select transcriptome sequencing, using posttransplant peripheral blood, algorithm reported as a risk score for acute cellular rejection"
2026,0321U,,20260101,N,00634.84,Iadna gu pthgn 20bct&fng org,Detection test by nucleic acid (DNA or RNA) multiplex amplified probe technique,"Infectious agent detection by nucleic acid (dna or rna), genitourinary pathogens, identification of 20 bacterial and fungal organisms and identification of 16 associated antibiotic-resistance genes, multiplex amplified probe technique"
2026,0322U,,20260101,N,00750.00,Neuro asd meas 14 acyl carn,Measurement of 14 acyl carnitines and microbiome-derived metabolites associated,"Neurology (autism spectrum disorder [asd]), quantitative measurements of 14 acyl carnitines and microbiome-derived metabolites, liquid chromatography with tandem mass spectrometry (lc-ms/ms), plasma, results reported as negative or positive for risk of metabolic subtypes associated with asd"
2026,0323U,,20260101,N,02126.20,Iadna cns pthgn next gen seq,DNA and mRNA next-generation sequencing analysis in cerebrospinal fluid,"Infectious agent detection by nucleic acid (dna and rna), central nervous system pathogen, metagenomic next-generation sequencing, cerebrospinal fluid (csf), identification of pathogenic bacteria, viruses, parasites, or fungi"
2026,0326U,,20260101,N,05000.00,Trgt gen seq alys pnl 83+,Targeted genomic sequence analysis of 83 or more genes in cell free circulating,"Targeted genomic sequence analysis panel, solid organ neoplasm, cell-free circulating  dna analysis of 83 or more genes, interrogation for sequence variants, gene copy number amplifications, gene rearrangements, microsatellite instability and tumor mutational burden"
2026,0327U,,20260101,N,00795.00,Ftl aneuploidy trsmy dna seq,DNA sequence analysis of selected regions for detection of abnormal fetal,"Fetal aneuploidy (trisomy 13, 18, and 21), dna sequence analysis of selected regions using maternal plasma, algorithm reported as a risk score for each trisomy, includes sex reporting, if performed"
2026,0328U,,20260101,N,00114.43,Drug assay 120+ rx&metablt,Definitive drug testing for 120 or more drugs and metabolites in urine specimen,"Drug assay, definitive, 120 or more drugs and metabolites, urine, quantitative liquid  chromatography with tandem mass spectrometry (lc-ms/ms), includes specimen validity and algorithmic analysis describing drug or metabolite and presence or absence of risks for a significant patient-adverse event, per date of service"
2026,0329U,,20260101,N,03437.98,Onc neo xome&trns seq alys,Exome and transcriptome sequence analysis of DNA and RNA from tumor with DNA,"Oncology (neoplasia), exome and transcriptome sequence analysis for sequence variants, gene copy number amplifications and deletions, gene rearrangements, microsatellite instability and tumor mutational burden utilizing dna and rna from tumor with dna from  normal blood or saliva for subtraction, report of clinically significant mutation(s)  with therapy associations"
2026,0330U,,20260101,N,00416.78,Iadna vag pthgn panel 27 org,Amplified nucleic acid probe for identification of 27 vaginal disease agents in,"Infectious agent detection by nucleic acid (dna or rna), vaginal pathogen panel, identification of 27 organisms, amplified probe technique, vaginal swab"
2026,0331U,,20260101,N,01863.22,Onc hl neo opt gen mapping,"Optical genome mapping of DNA from blood or bone marrow specimen, report of","Oncology (hematolymphoid neoplasia), optical genome mapping for copy number alterations and gene rearrangements utilizing dna from blood or bone marrow,  report of clinically significant alterations"
2026,0332U,,20260101,N,01142.06,Onc pan tum gen prflg 8 dna,Genetic profiling of 8 epigenetic markers to evaluate probability of responding,"Oncology (pan-tumor), genetic profiling of 8 dna-regulatory (epigenetic) markers by  quantitative polymerase chain reaction (qpcr), whole blood, reported as a high or  low probability of responding to immune checkpoint-inhibitor therapy"
2026,0333U,,20260101,N,00662.32,Onc lvr surveilanc hcc cfdna,Survelliance for liver cancer in high risk patients using algorithm,"Oncology (liver), surveillance for hepatocellular carcinoma (hcc) in highrisk patients, analysis of methylation patterns on circulating cell-free dna (cfdna) plus measurement of serum of afp/afp-l3 and oncoprotein des-gammacarboxy-prothrombin (dcp), algorithm reported as normal or abnormal result"
2026,0334U,,20260101,N,03500.00,Onc sld orgn tgsa dna 84/+,Targeted genomic sequence analysis of 84 or more genes for detection of,"Oncology (solid organ), targeted genomic sequence analysis, formalin-fixed paraffinembedded (ffpe) tumor tissue, dna analysis, 84 or more genes, interrogation for sequence variants, gene copy number amplifications, gene rearrangements, microsatellite instability and tumor mutational burden"
2026,0335U,,20260101,N,05224.60,Rare ds whl gen seq feta,Whole genome sequence analysis of fetal sample for detection of abnormalities,"Rare diseases (constitutional/heritable disorders), whole genome sequence analysis, including small sequence changes, copy number variants, deletions, duplications, mobile element insertions, uniparental disomy (upd), inversions, aneuploidy, mitochondrial genome sequence analysis with heteroplasmy and large deletions, short tandem repeat (str) gene expansions, fetal sample, identification and categorization of genetic variants"
2026,0336U,,20260101,N,02574.65,Rare ds whl gen seq bld/slv,Whole genome sequence analysis of comparator genome (parent) for detection of,"Rare diseases (constitutional/heritable disorders), whole genome sequence analysis, including small sequence changes, copy number variants, deletions, duplications, mobile element insertions, uniparental disomy (upd), inversions, aneuploidy, mitochondrial genome sequence analysis with heteroplasmy and large deletions, short tandem repeat (str) gene expansions, blood or saliva, identification and categorization of genetic variants, each comparator genome (eg, parent)"
2026,0337U,,20260101,N,02435.00,Onc plsm cell do&myeloma id,Evaluation of plasma cells for detection of abnormalities associated with,"Oncology (plasma cell disorders and myeloma), circulating plasma cell immunologic selection, identification, morphological characterization, and enumeration of plasma cells based on differential cd138, cd38, cd19, and cd45 protein biomarker expression, peripheral blood"
2026,0338U,,20260101,N,02435.00,Onc sld tum crcg tum cl slct,Evaluation of circulating solid tumor cells in peripheral blood,"Oncology (solid tumor), circulating tumor cell selection, identification, morphological characterization, detection and enumeration based on differential epcam, cytokeratins 8, 18, and 19, and cd45 protein biomarkers, and quantification of her2 protein biomarker-expressing cells, peripheral blood"
2026,0339U,,20260101,N,00760.00,Onc prst8 mrna hoxc6 & dlx1,mRNA expression profiling of genes associated with high-grade prostate cancer,"Oncology (prostate), mrna expression profiling of hoxc6 and dlx1, reverse transcription polymerase chain reaction (rt-pcr), first-void urine following digital rectal examination, algorithm reported as probability of high-grade cancer"
2026,0340U,,20260101,N,03590.00,Onc pan ca alys mrd plasma,DNA assays for detection of minimal residual disease in cancer,"Oncology (pan-cancer), analysis of minimal residual disease (mrd) from plasma, with assays personalized to each patient based on prior next-generation sequencing of the patient's tumor and germline dna, reported as absence or presence of mrd, with disease-burden correlation, if appropriate"
2026,0341U,,20260101,N,01900.20,Ftl aneup dna seq cmpr alys,Fetal DNA sequencing of products of conception for detection of abnormal,"Fetal aneuploidy dna sequencing comparative analysis, fetal dna from products of conception, reported as normal (euploidy), monosomy, trisomy, or partial deletion/duplication, mosaicism, and segmental aneuploid"
2026,0342U,,20260101,N,00897.00,Onc pncrtc ca mult ia eclia,Multiplex immunoassay for markers of pancreatic cancer in serum,"Oncology (pancreatic cancer), multiplex immunoassay of c5, c4, cystatin c, factor b, osteoprotegerin (opg), gelsolin, igfbp3, ca125 and multiplex electrochemiluminescent immunoassay (eclia) for ca19-9, serum, diagnostic algorithm reported qualitatively as positive, negative, or borderline"
2026,0343U,,20260101,N,00760.00,Onc prst8 xom aly 442 sncrna,Exosome-based analysis of 442 small noncoding RNAs in urine to evaluate risk of,"Oncology (prostate), exosome-based analysis of 442 small noncoding rnas (sncrnas) by quantitative reverse transcription polymerase chain reaction (rt-qpcr), urine, reported as molecular evidence of no-, low-, intermediate- or high-risk of prostate cancer"
2026,0344U,,20260101,N,00792.17,Hep nafld semiq evl 28 lipid,Evaluation of 28 lipid markers for risk of nonalcoholic fatty liver disease,"Hepatology (nonalcoholic fatty liver disease [nafld]), semiquantitative evaluation of 28 lipid markers by liquid chromatography with tandem mass spectrometry (lc-ms/ms), serum, reported as at-risk for nonalcoholic steatohepatitis (nash) or not nash"
2026,0345U,,20260101,N,01336.09,Psyc genom alys pnl 15 gen,Genomic analysis panel of 15 genes for detection of abnormalities assocated,"Psychiatry (eg, depression, anxiety, attention deficit hyperactivity disorder [adhd]), genomic analysis panel, variant analysis of 15 genes, including deletion/duplication analysis of cyp2d6"
2026,0347U,,20260101,N,01336.09,Rx metab/pcx dna 16 gen alys,DNA analysis of 16 genes involved in drug metabolism or processing,"Drug metabolism or processing (multiple conditions), whole blood or buccal specimen, dna analysis, 16 gene report, with variant analysis and reported phenotypes"
2026,0348U,,20260101,N,00742.27,Rx metab/pcx dna 25 gen alys,DNA analysis of 25 genes involved in drug metabolism or processing,"Drug metabolism or processing (multiple conditions), whole blood or buccal specimen, dna analysis, 25 gene report, with variant analysis and reported phenotypes"
2026,0349U,,20260101,N,00742.27,Rx metab/pcx dna 27gen rx ia,"DNA analysis of 27 genes involved in drug metabolism or processing, report","Drug metabolism or processing (multiple conditions), whole blood or buccal specimen, dna analysis, 27 gene report, with variant analysis, including reported phenotypes and impacted gene-drug interactions"
2026,0350U,,20260101,N,01336.09,Rx metab/pcx dna 27 gen alys,"DNA analysis of 27 genes involved in drug metabolism or processing, analysis","Drug metabolism or processing (multiple conditions), whole blood or buccal specimen, dna analysis, 27 gene report, with variant analysis and reported phenotypes"
2026,0351U,,20260101,N,00260.50,Nfct ds bct/viral trail ip10,Biochemical assays for markers of bacterial infection,"Infectious disease (bacterial or viral), biochemical assays, tumor necrosis factorrelated apoptosis-inducing ligand (trail), interferon gamma-induced protein-10 (ip10), and c-reactive protein, serum, or venous whole blood, algorithm reported as likelihood of bacterial infection"
2026,0355U,,20260101,N,00137.00,Apol1 risk variants,Evaluation of apolipoprotein L1 risk variants,"Apol1 (apolipoprotein l1) (eg, chronic kidney disease), risk variants (g1, g2)"
2026,0356U,,20260101,N,01800.00,Onc orop/anal 17 dna ddpcr,Evaluation of 17 DNA biomarkers reported as a risk score for tonsil or anal,"Oncology (oropharyngeal or anal), evaluation of 17 dna biomarkers using droplet digital pcr (ddpcr), cell-free dna, algorithm reported as a prognostic risk score for cancer recurrence"
2026,0358U,,20260101,N,00260.50,Neuro alys b-amyl 1-42&1-40,Enzyme immunoassay analysis of beta-amyloid fragments in cerebral spinal fluid,"Neurology (mild cognitive impairment), analysis of b-amyloid 1-42 and 1-40, chemiluminescence enzyme immunoassay, cerebral spinal fluid, reported as positive, likely positive, or negative"
2026,0359U,,20260101,N,00760.00,Onc prst8 ca alys all psa,Phase separation and immunoassay evaluation of prostate-specific antigen (PSA),"Oncology (prostate cancer), analysis of all prostate-specific antigen (psa) structural isoforms by phase separation and immunoassay, plasma, algorithm reports risk of cancer"
2026,0360U,,20260101,N,00840.65,Onc lung elisa 7 autoant alg,Enzyme-linked immunosorbent assay of autoantibodies in plasma to evaluate risk,"Oncology (lung), enzyme-linked immunosorbent assay (elisa) of 7 autoantibodies (p53, ny-eso-1, cage, gbu4-5, sox2, mage a4, and hud), plasma, algorithm reported as a categorical result for risk of malignancy"
2026,0362U,,20260101,N,03600.00,Onc pap thyr ca rna 82&10,Gene-expression profiling--enrichment RNA sequencing of 82 content genes and 10,"Oncology (papillary thyroid cancer), gene-expression profiling via targeted hybrid capture-enrichment rna sequencing of 82 content genes and 10 housekeeping genes, fine needle aspirate or formalin-fixed paraffin embedded (ffpe) tissue, algorithm reported as one of three molecular subtypes"
2026,0363U,,20260101,N,00760.00,Onc urthl mrna 5 gen alg,Gene-expression profiling of 5 genes in urine reported as a risk score for,"Oncology (urothelial), mrna, geneexpression profiling by real-time quantitative pcr of 5 genes (mdk, hoxa13, cdc2 [cdk1], igfbp5, and cxcr2), utilizing urine, algorithm incorporates age, sex, smoking history, and macrohematuria frequency, reported as a risk score for having urothelial carcinoma"
2026,0364U,,20260101,N,02007.25,Onc hl neo gen seq alys alg,Genomic sequence testing for presence or absence of cancer cells after,"Oncology (hematolymphoid neoplasm), genomic sequence analysis using multiplex (pcr) and next-generation sequencing with algorithm, quantification of dominant clonal sequence(s), reported as presence or absence of minimal residual disease (mrd) with quantitation of disease burden, when appropriate"
2026,0365U,,20260101,N,00897.00,Onc bldr 10 ur hrbr urthl ca,Test for 10 protein biomarkers for bladder cancer,"Oncology (bladder), 10 protein biomarkers (a1at, ang, apoe, ca9, il8, mmp9, mmp10, pai1, sdc1 and vegfa), by immunoassays, urine, diagnostic algorithm, including patient's age, race and gender, reported as a probability of harboring urothelial cancer"
2026,0366U,,20260101,N,00897.00,Onc bldr 10 prb recr bldr ca,Test for 10 protein biomarkers for recurrent bladder cancer,"Oncology (bladder), analysis of 10 protein biomarkers (a1at, ang, apoe, ca9, il8, mmp9, mmp10, pai1, sdc1 and vegfa) by immunoassays, urine, algorithm reported as a probability of recurrent bladder cancer"
2026,0367U,,20260101,N,00902.18,Onc bldr 10 flwg trurl rescj,"Test for 10 protein biomarkers for rapid recurrent, recurrent, or persistent","Oncology (bladder), analysis of 10 protein biomarkers (a1at, ang, apoe, ca9, il8, mmp9, mmp10, pai1, sdc1 and vegfa) by immunoassays, urine, diagnostic algorithm reported as a risk score for probability of rapid recurrence of recurrent or persistent cancer following transurethral resection"
2026,0368U,,20260101,N,00416.78,Onc clrct ca mut&mthyltn mrk,Test for risk of colorectal cancer,"Oncology (colorectal cancer), evaluation for mutations of apc, braf, ctnnb1, kras, nras, pik3ca, smad4, and tp53, and methylation markers (myo1g, kcnq5, c9orf50, fli1, clip4, znf132 and twist1), multiplex quantitative polymerase chain reaction (qpcr), circulating cell-free dna (cfdna), plasma, report of risk score for advanced adenoma or colorectal cancer"
2026,0371U,,20260101,N,00416.78,Iadna gu pthgn semiq dna16&1,Test for 16 genitourinary bacterial organisms and 1 genitourinary fungal,"Infectious agent detection by nucleic acid (dna or rna), genitourinary pathogen, semiquantitative identification, dna from 16 bacterial organisms and 1 fungal organism, multiplex amplified probe technique via quantitative polymerase chain reaction (qpcr), urine"
2026,0372U,,20260101,N,00416.78,Nfct ds gu pthgn arg detcj,Test for genitourinary pathogen antibiotic-resistance genes,"Infectious disease (genitourinary pathogens), antibiotic-resistance gene detection, multiplex amplified probe technique, urine, reported as an antimicrobial stewardship risk score"
2026,0375U,,20260101,N,00897.00,Onc ovrn bchm asy 7 prtn alg,Test for proteins to determine risk for ovarian cancer,"Oncology (ovarian), biochemical assays of 7 proteins (follicle stimulating hormone, human epididymis protein 4, apolipoprotein a-1, transferrin, beta-2 macroglobulin, prealbumin [ie, transthyretin], and cancer antigen 125), algorithm reported as ovarian cancer risk score"
2026,0376U,,20260101,N,00706.25,Onc prst8 ca img alys 128,Test to determine potential risk of prostate cancer spread and mortality,"Oncology (prostate cancer), image analysis of at least 128 histologic features and clinical factors, prognostic algorithm determining the risk of distant metastases, and prostate cancer-specific mortality, includes predictive algorithm to androgen deprivation-therapy response, if appropriate"
2026,0377U,,20260101,N,00047.58,Cv ds quan advsrm/plsm lprtn,Test of lipoprotein profile in cardiovascular disease,"Cardiovascular disease, quantification of advanced serum or plasma lipoprotein profile, by nuclear magnetic resonance (nmr) spectrometry with report of a lipoprotein profile (including 23 variables)"
2026,0378U,,20260101,N,00137.00,Rfc1 repeat xpnsj vrnt alys,Test for RFC1 (replication factor C subunit 1) in neurological conditions,"Rfc1 (replication factor c subunit 1), repeat expansion variant analysis by traditional and repeat-primed pcr, blood, saliva, or buccal swab"
2026,0379U,,20260101,N,03288.51,Tgsap sl or neo dna523&rna55,Genomic testing for solid organ cancer,"Targeted genomic sequence analysis panel, solid organ neoplasm, dna (523 genes) and rna (55 genes) by next-generation sequencing, interrogation for sequence variants, gene copy number amplifications, gene rearrangements, microsatellite instability, and tumor mutational burden"
2026,0381U,,20260101,N,00044.12,Maple syrup ur ds mntr quan,Test for monitoring maple syrup urine disease,"Maple syrup urine disease monitoring by patient-collected blood card sample, quantitative measurement of allo-isoleucine, leucine, isoleucine, and valine, liquid chromatography with tandem mass spectrometry (lc-ms/ms)"
2026,0382U,,20260101,N,00051.64,Hyprphenylalninmia mntr quan,Test for monitoring hyperphenylalaninemia,"Hyperphenylalaninemia monitoring by patient-collected blood card sample, quantitative measurement of phenylalanine and tyrosine, liquid chromatography with tandem mass spectrometry (lc-ms/ms)"
2026,0383U,,20260101,N,00052.05,Tyrosinemia typ i mntr quan,Test for monitoring tyrosinemia type I,"Tyrosinemia type i monitoring by patient-collected blood card sample, quantitative measurement of tyrosine, phenylalanine, methionine, succinylacetone, nitisinone, liquid chromatography with tandem mass spectrometry (lc-ms/ms)"
2026,0384U,,20260101,N,00750.00,Neph ckd rsk hi stg kdn ds,Test for predictive risk of progression of high-stage kidney disease,"Nephrology (chronic kidney disease), carboxymethyllysine, methylglyoxal hydroimidazolone, and carboxyethyl lysine by liquid chromatography with tandem mass spectrometry (lc-ms/ms) and hba1c and estimated glomerular filtration rate (gfr), with risk score reported for predictive progression to high-stage kidney disease"
2026,0385U,,20260101,N,00390.75,Neph ckd alg rsk dbtc kdn ds,Testing for risk of developing diabetic kidney disease,"Nephrology (chronic kidney disease), apolipoprotein a4 (apoa4), cd5 antigen-like (cd5l), and insulin-like growth factor binding protein 3 (igfbp3) by enzyme-linked immunoassay (elisa), plasma, algorithm combining results with hdl, estimated glomerular filtration rate (gfr) and clinical data reported as a risk score for developing diabetic kidney disease"
2026,0387U,,20260101,N,00948.50,Onc mlnma ambra1&amlo,Tissue evaluation for proteins to report risk of skin cancer progression,"Oncology (melanoma), autophagy and beclin 1 regulator 1 (ambra1) and loricrin (amlo) by immunohistochemistry, formalinfixed paraffin-embedded (ffpe) tissue, report for risk of progression"
2026,0388U,,20260101,N,03500.00,Onc nonsm cll lng ca 37 gen,"Next-generation sequencing in plasma of 37 cancer-related genes, with report","Oncology (non-small cell lung cancer), next-generation sequencing with identification of single nucleotide variants, copy number variants, insertions and deletions, and structural variants in 37 cancer-related genes, plasma, with report for alteration detection"
2026,0389U,,20260101,N,00070.20,Ped fbrl kd ifi27&mcemp1 rna,Reverse transcription polymerase chain reaction (RT-qPCR) testing of blood for,"Pediatric febrile illness (kawasaki disease [kd]), interferon alphainducible protein 27 (ifi27) and mast cell-expressed membrane protein 1 (mcemp1), rna, using reverse transcription polymerase chain reaction (rt-qpcr), blood, reported as a risk score for kd"
2026,0390U,,20260101,N,00064.41,Ob pe kdr eng&rbp4 ia alg,"Immunoassay of serum for proteins, reported as a risk score for preeclampsia","Obstetrics (preeclampsia), kinase insert domain receptor (kdr), endoglin (eng), and retinol-binding protein 4 (rbp4), by immunoassay, serum, algorithm reported as a risk score"
2026,0391U,,20260101,N,03600.00,Onc sld tum dna&rna 437 gen,DNA and RNA next-generation sequencing of tissue for 437 genes with algorithm,"Oncology (solid tumor), dna and rna by next-generation sequencing, utilizing formalin-fixed paraffin-embedded (ffpe) tissue, 437 genes, interpretive report for single nucleotide variants, splicesite variants, insertions/deletions, copy number alterations, gene fusions, tumor mutational burden, and microsatellite instability, with algorithm quantifying immunotherapy response score"
2026,0392U,,20260101,N,01336.09,Rx metab genrx ia 16 genes,Evaluation of gene-drug interactions for 16 genes reported as impact of,"Drug metabolism (depression, anxiety, attention deficit hyperactivity disorder [adhd]), gene-drug interactions, variant analysis of 16 genes, including deletion/duplication analysis of cyp2d6, reported as impact of gene-drug interaction for each drug"
2026,0393U,,20260101,N,00540.99,Neu prksn msfl a-syncln prtn,Detection of protein by seed amplification assay for neurological disorders,"Neurology (eg, parkinson disease, dementia with lewy bodies), cerebrospinal fluid (csf), detection of misfolded  -synuclein protein by seed amplification assay, qualitative"
2026,0394U,,20260101,N,00198.74,Pfas 16 pfas compnd lc ms/ms,Testing of plasma or serum for 16 perfluoroalkyl substances (PFAS) compounds,"Perfluoroalkyl substances (pfas) (eg, perfluorooctanoic acid, perfluorooctane sulfonic acid), 16 pfas compounds by liquid chromatography with tandem mass spectrometry (lc-ms/ms), plasma or serum, quantitative"
2026,0395U,,20260101,N,00797.45,Onc lng multiomics plsm alg,Multi-omics testing of plasma reported as risk of malignancy for lung nodules,"Oncology (lung), multi-omics (microbial dna by shotgun nextgeneration sequencing and carcinoembryonic antigen and osteopontin by immunoassay), plasma, algorithm reported as malignancy risk for lung nodules in early-stage disease"
2026,0398U,,20260101,N,01755.00,Gi baret esph dna mthyln aly,DNA methylation analysis using polymerase chain reaction testing of tissue for,"Gastroenterology (barrett esophagus), p16, runx3, hpp1, and fbn1 dna methylation analysis using pcr, formalin-fixed paraffin-embedded (ffpe) tissue, algorithm reported as risk score for progression to high-grade dysplasia or cancer"
2026,0399U,,20260101,N,00300.00,Neuro cere folate defncy srm,Enzyme-linked assay detection in serum of IgG-binding antibody and blocking,"Neurology (cerebral folate deficiency), serum, detection of anti-human folate receptor iggbinding antibody and blocking autoantibodies by enzyme-linked immunoassay (elisa), qualitative, and blocking autoantibodies, using a functional blocking assay for igg or igm, quantitative, reported as positive or not detected"
2026,0400U,,20260101,N,01456.88,Ob xpnd car scr 145 genes,Next-generation sequencing of DNA for 145 genes reported as carrier positive or,"Obstetrics (expanded carrier screening), 145 genes by nextgeneration sequencing, fragment analysis and multiplex ligationdependent probe amplification, dna, reported as carrier positive or negative"
2026,0401U,,20260101,N,00489.68,Crd c hrt ds 9 gen 12 vrnts,"Targeted variant genotyping using blood, saliva, or buccal swab of 9 genes for","Cardiology (coronary heart disease [cad]), 9 genes (12 variants), targeted variant genotyping, blood, saliva, or buccal swab, algorithm reported as a genetic risk score for a coronary event"
2026,0402U,,20260101,N,00142.63,Nfct agt sti mult amp prb tq,Detection of organisms causing sexually transmitted infection by multiplex,"Infectious agent (sexually transmitted infection), chlamydia trachomatis, neisseria gonorrhoeae, trichomonas vaginalis, mycoplasma genitalium, multiplex amplified probe technique, vaginal, endocervical, or male urine, each pathogen reported as detected or not detected"
2026,0403U,,20260101,N,00760.00,Onc prst8 mrna 18 gen 1st ur,mRNA expression profiling of 18 genes to detect potential risk of prostate,"Oncology (prostate), mrna, gene expression profiling of 18 genes, first-catch urine, algorithm reported as percentage of likelihood of detecting clinically significant prostate cancer"
2026,0404U,,20260101,N,00322.96,Onc brst semiq meas thym kn,Analysis of serum using immunoassay technique for thymidine kinase activity in,"Oncology (breast), semiquantitative measurement of thymidine kinase activity by immunoassay, serum, results reported as risk of disease progression"
2026,0405U,,20260101,N,01770.48,Onc pncrtc 59 mthltn blk mrk,Sequencing of methylation haplotype block markers in plasma in pancreatic cancer,"Oncology (pancreatic), 59 methylation haplotype block markers, next-generation sequencing, plasma, reported as cancer signal detected or not detected"
2026,0406U,,20260101,N,00760.00,Onc lung flow cytmtry 5 mrk,Flow cytometry detection of 5 markers in sputum to evaluate potential for lung,"Oncology (lung), flow cytometry, sputum, 5 markers (meso-tetra [4-carboxyphenyl] porphyrin [tcpp], cd206, cd66b, cd3, cd19), algorithm reported as likelihood of lung cancer"
2026,0407U,,20260101,N,00950.00,Neph dbtc ckd mult eclia alg,"Measurement of soluble tumor necrosis factor receptor 1 (sTNFR1), soluble tumor","Nephrology (diabetic chronic kidney disease [ckd]), multiplex electrochemiluminescent immunoassay (eclia) of soluble tumor necrosis factor receptor 1 (stnfr1), soluble tumor necrosis receptor 2 (stnfr2), and kidney injury molecule 1 (kim-1) combined with clinical data, plasma, algorithm reported as risk for progressive decline in kidney function"
2026,0408U,,20260101,N,00014.13,Iaad blk ac wv bsnsr sarscv2,Detection of severe acute respiratory syndrome coronavirus 2 (SARS-CoV-2) by,"Infectious agent antigen detection by bulk acoustic wave biosensor immunoassay, severe acute respiratory syndrome coronavirus 2 (sars-cov-2) (coronavirus disease [covid-19])"
2026,0409U,,20260101,N,02919.60,Onc sld tum dna 80 & rna 36,Next-generation sequencing of DNA (80 genes) and RNA (39 genes) in plasma,"Oncology (solid tumor), dna (80 genes) and rna (36 genes), by next-generation sequencing from plasma, including single nucleotide variants, insertions/deletions, copy number alterations, microsatellite instability, and fusions, report showing identified mutations with clinical actionability"
2026,0410U,,20260101,N,01160.00,Onc pncrtc dna whl gn seq 5-,Whole genome sequencing of DNA in whole blood or plasma to detect pancreatic,"Oncology (pancreatic), dna, whole genome sequencing with 5-hydroxymethylcytosine enrichment, whole blood or plasma, algorithm reported as cancer detected or not detected"
2026,0411U,,20260101,N,01336.09,Psyc genom alys pnl 15 gen,Genomic analysis of 15 genes to evaluate for psychiatric disorders,"Psychiatry (eg, depression, anxiety, attention deficit hyperactivity disorder [adhd]), genomic analysis panel, variant analysis of 15 genes, including deletion/duplication analysis of cyp2d6"
2026,0412U,,20260101,N,00750.00,Beta amyloid ab42/40 imprcip,Measurement of AB42/40 ratio in plasma to evaluation for brain amyloid pathology,"Beta amyloid, ab42/40 ratio, immunoprecipitation with quantitation by liquid chromatography with tandem mass spectrometry (lc-ms/ms) and qualitative apoe isoform-specific proteotyping, plasma combined with age, algorithm reported as presence or absence of brain amyloid pathology"
2026,0413U,,20260101,N,01263.53,Onc hl neo opt gen mapg dna,Optical genome mapping of DNA in blood or bone marrow for changes in copy,"Oncology (hematolymphoid neoplasm), optical genome mapping for copy number alterations, aneuploidy, and balanced/complex structural rearrangements, dna from blood or bone marrow, report of clinically significant alterations"
2026,0414U,,20260101,N,00706.25,Onc lng aug alg aly whl sld8,Whole slide imaging analysis for 8 genes for evaluation of lung cancer,"Oncology (lung), augmentative algorithmic analysis of digitized whole slide imaging for 8 genes (alk, braf, egfr, erbb2, met, ntrk1-3, ret, ros1), and kras g12c and pd-l1, if performed, formalin-fixed paraffin-embedded (ffpe) tissue, reported as positive or negative for each biomarker"
2026,0415U,,20260101,N,00390.75,Cv ds acs bld alg 5 yr score,Test of biomarkers in blood combined with patient factors to determine a 5-year,"Cardiovascular disease (acute coronary syndrome [acs]), il-16, fas, fasligand, hgf, ctack, eotaxin, and mcp-3 by immunoassay combined with age, sex, family history, and personal history of diabetes, blood, algorithm reported as a 5-year (deleted risk) score for acs"
2026,0417U,,20260101,N,02842.53,Rare ds alys 335 nuc genes,Whole genome sequence analysis of 335 nuclear genes in blood or saliva for,"Rare diseases (constitutional/heritable disorders), whole mitochondrial genome sequence with heteroplasmy detection and deletion analysis, nuclear-encoded mitochondrial gene analysis of 335 nuclear genes, including sequence changes, deletions, insertions, and copy number variants analysis, blood or saliva, identification and categorization of mitochondrial disorder-associated genetic variants"
2026,0418U,,20260101,N,00706.25,Onc brst aug alg aly whl sl8,Image analysis of breast cancer cell specimen with autonomous assessment,"Oncology (breast), augmentative algorithmic analysis of digitized whole slide imaging of 8 histologic and immunohistochemical features, reported as a recurrence score"
2026,0419U,,20260101,N,01336.09,Nrpsyc gen seq vrnt aly 13,Genomic sequence analysis of 13 genes in saliva for evolution of psychiatric,"Neuropsychiatry (eg, depression, anxiety), genomic sequence analysis panel, variant analysis of 13 genes, saliva or buccal swab, report of each gene phenotype"
2026,0420U,,20260101,N,01328.32,Onc urthl mrna xprsn 6 snp,mRNA expression profiling of 6 single-nucleotide polymorphisms (SNPs) in urine,"Oncology (urothelial), mrna expression profiling by real-time quantitative pcr of mdk, hoxa13, cdc2, igfbp5, and cxcr2 in combination with droplet digital pcr (ddpcr) analysis of 6 single-nucleotide polymorphisms (snps) genes tert and fgfr3, urine, algorithm reported as a risk score for urothelial carcinoma"
2026,0421U,,20260101,N,00508.87,Onc clrct scr sgl amp 8 rna,Screening test for 8 RNA markers and blood in stool reported as positive or,"Oncology (colorectal) screening, quantitative real-time target and signal amplification of 8 rna markers (gapdh, smad4, acy1, areg, cdh1, kras, tnfrsf10b, egln2) and fecal hemoglobin, algorithm reported as a positive or negative for colorectal cancer risk"
2026,0422U,,20260101,N,01943.21,Onc pan solid tum alys dna,Analysis of DNA biomarker response to anti-cancer therapy reported as a change,"Oncology (pan-solid tumor), analysis of dna biomarker response to anti-cancer therapy using cell-free circulating dna, biomarker comparison to a previous baseline pre-treatment cell-free circulating dna analysis using next-generation sequencing, algorithm reported as a quantitative change from baseline, including specific alterations, if appropriate"
2026,0424U,,20260101,N,00760.00,Onc prst8 xom alys 53 sncrna,"Exosome-based analysis of 53 small non coding RNAs (sncRNAs) in urine, reported","Oncology (prostate), exosome-based analysis of 53 small noncoding rnas (sncrnas) by quantitative reverse transcription polymerase chain reaction (rt-qpcr), urine, reported as no molecular evidence, low-, moderate- or elevated-risk of prostate cancer"
2026,0425U,,20260101,N,04094.39,Genom rpd seq alys ea cmprtr,"Genome rapid sequence analysis, each comparator gene (eg, parents, siblings)","Genome (eg, unexplained constitutional or heritable disorder or syndrome), rapid sequence analysis, each comparator genome (eg, parents, siblings)"
2026,0426U,,20260101,N,07582.20,Genome ultra-rapid seq alys,Genome ultra-rapid sequence analysis for unexplained constitutional or,"Genome (eg, unexplained constitutional or heritable disorder or syndrome), ultra-rapid sequence analysis"
2026,0427U,,20260101,N,00004.48,Monocyte dstrbj wdth whl bld,Monocyte distribution width in whole blood,"Monocyte distribution width, whole blood (list separately in addition to code for primary procedure)"
2026,0429U,,20260101,N,00035.09,Hpv orop swab 14 hi-risk typ,Testing for Human papillomavirus (HPV) from throat swab,"Human papillomavirus (hpv), oropharyngeal swab, 14 high-risk types (ie, 16, 18, 31, 33, 35, 39, 45, 51, 52, 56, 58, 59, 66, and 68)"
2026,0430U,,20260101,N,00061.54,Gi malabs aat calpro pncrtc,Malabsorption evaluation in stool,"Gastroenterology, malabsorption evaluation of alpha-1-antitrypsin, calprotectin, pancreatic elastase and reducing substances, feces, quantitative"
2026,0431U,,20260101,N,00036.57,Gly rcptr alpha1 igg srm/csf,Glycine receptor alpha1 IgG live cell-binding assay in serum or cerebral spinal,"Glycine receptor alpha1 igg, serum or cerebrospinal fluid (csf), live cell-binding assay (lcba), qualitative"
2026,0432U,,20260101,N,00036.57,Klhl11 antb sr/csf asy qual,Kelch-like protein 11 (KLHL11) antibody cell-binding assay in serum or,"Kelch-like protein 11 (klhl11) antibody, serum or cerebrospinal fluid (csf), cell-binding assay, qualitative"
2026,0433U,,20260101,N,00760.00,Onc prst8 5 dna reg mrk pcr,"Testing for 5 DNA regulatory markers by quantitative PCR in whole blood,","Oncology (prostate), 5 dna regulatory markers by quantitative pcr, whole blood, algorithm, including prostate-specific antigen, reported as likelihood of cancer"
2026,0434U,,20260101,N,00416.78,Rx metab advrs vrnt alys 25,Genomic analysis panel of 25 genes to evaluation drug metabolism,"Drug metabolism (adverse drug reactions and drug response), genomic analysis panel, variant analysis of 25 genes with reported phenotypes"
2026,0435U,,20260101,N,03033.86,Onc chemo rx cytox csc 14 rx,"Chemotherapeutic drug cytotoxicity assay of cancer stem cells (CSCs), reported","Oncology, chemotherapeutic drug cytotoxicity assay of cancer stem cells (cscs), from cultured cscs and primary tumor cells, categorical drug response reported based on cytotoxicity percentage observed, minimum of 14 drugs or drug combinations"
2026,0436U,,20260101,N,01504.24,Onc lng plsm alys 388 prtn,Plasma analysis of 388 proteins reported as clinical benefit from immune,"Oncology (lung), plasma analysis of 388 proteins, using aptamer-based proteomics technology, predictive algorithm reported as clinical benefit from immune checkpoint inhibitor therapy"
2026,0437U,,20260101,N,00760.00,Psyc anxiety do mrna 15 bmrk,"mRNA, gene expression profiling by RNA sequencing of 15 biomarkers in whole","Psychiatry (anxiety disorders), mrna, gene expression profiling by rna sequencing of 15 biomarkers, whole blood, algorithm reported as predictive risk score"
2026,0438U,,20260101,N,00416.78,Rx metab advrs vrnt alys 33,Variant analysis of gene-drug interactions of 33 genes from cheek swab to,"Drug metabolism (adverse drug reactions and drug response), buccal specimen, gene-drug interactions, variant analysis of 33 genes, including deletion/duplication analysis of cyp2d6, including reported phenotypes and impacted gene-drug interactions"
2026,0439U,,20260101,N,00854.00,Crd chd dna alys 5 snp 3 dna,qPCR and digital PCR DNA analysis of 5 single-nucleotide polymorphisms (SNPs),"Cardiology (coronary heart disease [chd]), dna, analysis of 5 single-nucleotide polymorphisms (snps) (rs11716050 [loc105376934], rs6560711 [wdr37], rs3735222 [scin/loc107986769], rs6820447 [intergenic], and rs9638144 [esyt2]) and 3 dna methylation markers (cg00300879 [transcription start site {tss200} of cnksr1], cg09552548 [intergenic], and cg14789911 [body of spatc1l]), qpcr and digital pcr, whole blood, algorithm reported as a 4-tiered risk score for a 3-year risk of symptomatic chd"
2026,0440U,,20260101,N,00854.00,Crd chd dna alys 10 snp 6dna,"qPCR and digital PCR DNA, analysis of 10 single-nucleotide polymorphisms (SNPs)","Cardiology (coronary heart disease [chd]), dna, analysis of 10 single-nucleotide polymorphisms (snps) (rs710987 [linc010019], rs1333048 [cdkn2b-as1], rs12129789 [kcnd3], rs942317 [ktn1-as1], rs1441433 [ppp3ca], rs2869675 [prex1], rs4639796 [zbtb41], rs4376434 [linc00972], rs12714414 [tmem18], and rs7585056 [tmem18]) and 6 dna methylation markers (cg03725309 [sars1], cg12586707 [cxcl1, cg04988978 [mpo], cg17901584 [dhcr24-dt], cg21161138 [ahrr], and cg12655112 [ehd4]), qpcr and digital pcr, whole blood, algorithm reported as detected or not detected for chd"
2026,0441U,,20260101,N,00444.08,Nfct ds bct fngl/viral semiq,Semiquantitative biomechanical assessment (via deformability cytometry) in,"Infectious disease (bacterial, fungal, or viral infection), semiquantitative biomechanical assessment (via deformability cytometry), whole blood, with algorithmic analysis and result reported as an index"
2026,0442U,,20260101,N,00041.38,Nfct ds respir nfctj mxa&crp,"Fingerstick test of whole blood, result reported as present or absent for","Infectious disease (respiratory infection), myxovirus resistance protein a (mxa) and c-reactive protein (crp), fingerstick whole blood specimen, each biomarker reported as present or absent"
2026,0443U,,20260101,N,00116.23,Neurflmnt lt chn ultrsens ia,Ultra-sensitive immunoassay of serum or cerebrospinal fluid for evaluation of,"Neurofilament light chain (nfl), ultra-sensitive immunoassay, serum or cerebrospinal fluid"
2026,0444U,,20260101,N,02919.60,Onc sld orgn neo tgsap 361,Targeted genomic sequence analysis panel of 361 genes using DNA from,"Oncology (solid organ neoplasia), targeted genomic sequence analysis panel of 361 genes, interrogation for gene fusions, translocations, or other rearrangements, using dna from formalin-fixed paraffin-embedded (ffpe) tumor tissue, report of clinically significant variant(s)"
2026,0445U,,20260101,N,00260.50,Abeta42 & ptau181 eclia csf,Electrochemiluminescent immunoassay (ECLIA) of cerebral spinal fluid for,"B-amyloid (abeta42) and phospho tau (181p) (ptau181), electrochemiluminescent immunoassay (eclia), cerebral spinal fluid, ratio reported as positive or negative for amyloid pathology"
2026,0446U,,20260101,N,00840.65,Ai ds sle alys 10 cytokine,"Analysis of 10 cytokine soluble mediator biomarkers by immunoassay in plasma,","Autoimmune diseases (systemic lupus erythematosus [sle]), analysis of 10 cytokine soluble mediator biomarkers by immunoassay, plasma, individual components reported with an algorithmic risk score for current disease activity"
2026,0447U,,20260101,N,00840.65,Ai ds sle alys 11 cytokine,"Analysis of 11 cytokine soluble mediator biomarkers by immunoassay in plasma,","Autoimmune diseases (systemic lupus erythematosus [sle]), analysis of 11 cytokine soluble mediator biomarkers by immunoassay, plasma, individual components reported with an algorithmic prognostic risk score for developing a clinical flare"
2026,0449U,,20260101,N,01824.88,Car scr sev inh cond 5 genes,"Genomic sequence analysis panel that must include analysis of 5 genes (CFTR,","Carrier screening for severe inherited conditions (eg, cystic fibrosis, spinal muscular atrophy, beta hemoglobinopathies [including sickle cell disease], alpha thalassemia), regardless of race or self-identified ancestry, genomic sequence analysis panel, must include analysis of 5 genes (cftr, smn1, hbb, hba1, hba2)"
2026,0452U,,20260101,N,00192.00,Onc bldr mthyl penk lte-qmsp,"Testing to detect methylated PENK DNA in urine, reported as likelihood of","Oncology (bladder), methylated penk dna detection by linear target enrichment-quantitative methylation-specific real-time pcr (lte-qmsp), urine, reported as likelihood of bladder cancer"
2026,0453U,,20260101,N,00192.00,Onc clrct ca cfdna qpcr asy,"Testing for cell-free DNA in plasma, reported as the presence or absence of","Oncology (colorectal cancer), cellfree dna (cfdna), methylationbased quantitative pcr assay (septin9, ikzf1, bcat1, septin9-2, vav3, bcan), plasma, reported as presence or absence of circulating tumor dna (ctdna)"
2026,0454U,,20260101,N,01263.53,Rare ds id opt genome mapg,Testing by optical genome mapping for constitutional/heritable disorders,"Rare diseases (constitutional/heritable disorders), identification of copy number variations, inversions, insertions, translocations, and other structural variants by optical genome mapping"
2026,0455U,,20260101,N,00142.63,Nfct agt sti mult amp prb ur,"Testing for sexually transmitted infections in vaginal, endocervical,","Infectious agents (sexually transmitted infection), chlamydia trachomatis, neisseria gonorrhoeae, and trichomonas vaginalis, multiplex amplified probe technique, vaginal, endocervical, gynecological specimens, oropharyngeal swabs, rectal swabs, female or male urine, each pathogen reported as detected or not detected"
2026,0457U,,20260101,N,00198.74,Pfas 9 cmpnd lcms/ms pls/sr,Testing for 9 perfluoroalkyl compounds in plasma or serum,"Perfluoroalkyl substances (pfas) (eg, perfluorooctanoic acid, perfluorooctane sulfonic acid), 9 pfas compounds by lc-ms/ms, plasma or serum, quantitative"
2026,0458U,,20260101,N,00260.50,Onc brst ca s100 a8&a9 elisa,"Testing for S100A8 and S100A9 in tear fluid with age, reported as a risk score","Oncology (breast cancer), s100a8 and s100a9, by enzymelinked immunosorbent assay (elisa), tear fluid with age, algorithm reported as a risk score"
2026,0459U,,20260101,N,00260.50,Abeta42 & ttau eclia csf,"Testing for B-amyloid and total tau in spinal fluid, ratio reported as positive","B-amyloid (abeta42) and total tau (ttau), electrochemiluminescent immunoassay (eclia), cerebral spinal fluid, ratio reported as positive or negative for amyloid pathology"
2026,0460U,,20260101,N,00917.08,Onc whl bld/bucc rtpcr 24gen,DNA testing of 24 genes in whole blood or saliva in cancer,"Oncology, whole blood or buccal, dna single-nucleotide polymorphism (snp) genotyping by real-time pcr of 24 genes, with variant analysis and reported phenotypes"
2026,0461U,,20260101,N,00917.08,Onc rxgenom alys rtpcr 24gen,Analysis of 24 genes in whole blood or saliva for gene-drug interactions in,"Oncology, pharmacogenomic analysis of single-nucleotide polymorphism (snp) genotyping by real-time pcr of 24 genes, whole blood or buccal swab, with variant analysis, including impacted gene-drug interactions and reported phenotypes"
2026,0462U,,20260101,N,00017.27,Melatonin lvl tst slp std7/9,Screening testing of melatonin levels in saliva during sleep study,"Melatonin levels test, sleep study, 7 or 9 sample melatonin profile (cortisol optional), enzyme-linked immunosorbent assay (elisa), saliva, screening/preliminary"
2026,0463U,,20260101,N,00760.00,Onc crvx mrna genxprsn 14bmk,"Gene expression profiling of high-risk HPV types in cervical cells, reported as","Oncology (cervix), mrna gene expression profiling of 14 biomarkers (e6 and e7 of the highest-risk human papillomavirus [hpv] types 16, 18, 31, 33, 45, 52, 58), by real-time nucleic acid sequence-based amplification (nasba), exo- or endocervical epithelial cells, algorithm reported as positive or negative for increased risk of cervical dysplasia or cancer for each biomarker"
2026,0464U,,20260101,N,00591.92,Onc clrct scr qrtsa dna mrk,Screening test for DNA markers in stool reported as a positive or negative,"Oncology (colorectal) screening, quantitative real-time target and signal amplification, methylated dna markers, including lass4, lrrc4 and ppp2r5c, a reference marker zdhhc1, and a protein marker (fecal hemoglobin), utilizing stool, algorithm reported as a positive or negative result"
2026,0465U,,20260101,N,01938.01,Onc urthl carc dna qmsp 2gen,DNA testing for 2 genes reported as a positive or negative result for bladder,"Oncology (urothelial carcinoma), dna, quantitative methylationspecific pcr of 2 genes (onecut2, vim), algorithmic analysis reported as positive or negative"
2026,0466U,,20260101,N,00345.43,Crd cad dna gwas 564856 snp,"DNA genome study with patient lifestyle and clinical data, using saliva,","Cardiology (coronary artery disease [cad]), dna, genomewide association studies (564856 single-nucleotide polymorphisms [snps], targeted variant genotyping), patient lifestyle and clinical data, buccal swab, algorithm reported as polygenic risk to acquired heart disease"
2026,0467U,,20260101,N,01519.06,Onc bldr dna ngs 60gen&aneup,"DNA sequencing of 60 genes in urine, results reported as minimal residual","Oncology (bladder), dna, nextgeneration sequencing (ngs) of 60 genes and whole genome aneuploidy, urine, algorithms reported as minimal residual disease (mrd) status positive or negative and quantitative disease burden"
2026,0468U,,20260101,N,00251.70,Hep nash mir34a5p a2m ykl40,Testing in serum and whole blood reported as a single score for nonalcoholic,"Hepatology (nonalcoholic steatohepatitis [nash]), mir-34a5p, alpha 2-macroglobulin, ykl40, hba1c, serum and whole blood, algorithm reported as a single score for nash activity and fibrosis"
2026,0469U,,20260101,N,01197.94,Rare ds whl gen seq ftl samp,"Whole genome sequencing in amniotic fluid, chorionic villus sample, or products","Rare diseases (constitutional/heritable disorders), whole genome sequence analysis for chromosomal abnormalities, copy number variants, duplications/deletions, inversions, unbalanced translocations, regions of homozygosity (roh), inheritance pattern that indicate uniparental disomy (upd), and aneuploidy, fetal sample (amniotic fluid, chorionic villus sample, or products of conception), identification and categorization of genetic variants, diagnostic report of fetal results based on phenotype with maternal sample and paternal sample, if performed, as comparators and/or maternal cell contamination"
2026,0470U,,20260101,N,00597.91,Onc orop detcj mrd 8 dna hpv,Next-generation sequencing of 8 DNA targets in plasma for detection of minimal,"Oncology (oropharyngeal), detection of minimal residual disease by next-generation sequencing (ngs) based quantitative evaluation of 8 dna targets, cell-free hpv 16 and 18 dna from plasma"
2026,0471U,,20260101,N,00760.00,Onc clrc ca 35 vrn kras&nras,"Testing for 35 variants of KRAS and NRAS genes in tissue sample, reported as","Oncology (colorectal cancer), qualitative real-time pcr of 35 variants of kras and nras genes (exons 2, 3, 4), formalinfixed paraffin-embedded (ffpe), predictive, identification of detected mutations"
2026,0472U,,20260101,N,00027.90,Ca vi psp&sp1 antb sjogren,Testing for proteins and antibodies in blood reported as predictive evidence of,"Carbonic anhydrase vi (ca vi), parotid specific/secretory protein (psp) and salivary protein (sp1) igg, igm, and iga antibodies, enzyme-linked immunosorbent assay (elisa), semiqualitative, blood, reported as predictive evidence of early sjogren's syndrome"
2026,0473U,,20260101,N,04500.00,Onc sld tum bld/slv 648 gene,Next-generation sequencing of DNA from tissue sample of 648 genes with,"Oncology (solid tumor), nextgeneration sequencing (ngs) of dna from formalin-fixed paraffinembedded (ffpe) tissue with comparative sequence analysis from a matched normal specimen (blood or saliva), 648 genes, interrogation for sequence variants, insertion and deletion alterations, copy number variants, rearrangements, microsatellite instability, and tumor-mutation burden"
2026,0474U,,20260101,N,01303.95,Hered pan ca gsap 88gene ngs,"Next-generation sequencing of 88 genes in blood or saliva, results reported as","Hereditary pan-cancer (eg, hereditary sarcomas, hereditary endocrine tumors, hereditary neuroendocrine tumors, hereditary cutaneous melanoma), genomic sequence analysis panel of 88 genes with 20 duplications/deletions using nextgeneration sequencing (ngs), sanger sequencing, blood or saliva, reported as positive or negative for germline variants, each gene"
2026,0475U,,20260101,N,01303.95,Hered prst8 ca gsap 23 genes,Next-generation sequencing of 23 genes reported as pathologic mutations with a,"Hereditary prostate cancerrelated disorders, genomic sequence analysis panel using next-generation sequencing (ngs), sanger sequencing, multiplex ligation-dependent probe amplification (mlpa), and array comparative genomic hybridization (cgh), evaluation of 23 genes and duplications/deletions when indicated, pathologic mutations reported with a genetic risk score for prostate cancer"
2026,0476U,,20260101,N,00416.78,Rx metab psyc 14gen&cyp2d6,Pharmacogenomic genotyping of 14 genes including reported phenotypes to,"Drug metabolism, psychiatry (eg, major depressive disorder, general anxiety disorder, attention deficit hyperactivity disorder [adhd], schizophrenia), whole blood, buccal swab, and pharmacogenomic genotyping of 14 genes and cyp2d6 copy number variant analysis and reported phenotypes"
2026,0477U,,20260101,N,00416.78,Rx metab psy 14&cyp2d6 gn-rx,Pharmacogenomic genotyping of 14 genes including gene-drug interactions and,"Drug metabolism, psychiatry (eg, major depressive disorder, general anxiety disorder, attention deficit hyperactivity disorder [adhd], schizophrenia), whole blood, buccal swab, and pharmacogenomic genotyping of 14 genes and cyp2d6 copy number variant analysis, including impacted gene-drug interactions and reported phenotypes"
2026,0478U,,20260101,N,00552.99,Onc nsclc dna&rna dpcr 9gens,DNA and RNA analysis of 9 genes to determine therapy selection in non-small,"Oncology (non-small cell lung cancer), dna and rna, digital pcr analysis of 9 genes (egfr, kras, braf, alk, ros1, ret, ntrk 1/2/3, erbb2, and met) in formalin-fixed paraffin-embedded (ffpe) tissue, interrogation for single-nucleotide variants, insertions/deletions, gene rearrangements, and reported as actionable detected variants for therapy selection"
2026,0479U,,20260101,N,00017.27,Tau phosphorylated ptau217,Testing for phosphorylated tau,"Tau, phosphorylated, ptau217"
2026,0480U,,20260101,N,02126.20,Nfct ds csf metag ngs alys,"DNA and RNA next generation sequencing for identifying pathogens in bacteria,","Infectious disease (bacteria, viruses, fungi, and parasites), cerebrospinal fluid (csf), metagenomic next-generation sequencing (dna and rna), bioinformatic analysis, with positive pathogen identification"
2026,0481U,,20260101,N,00674.24,Idh1 idh2&tert promoter ngs,Next-generation sequencing of genes in central nervous system tumors,"Idh1 (isocitrate dehydrogenase 1 [nadp+]), idh2 (isocitrate dehydrogenase 2 [nadp+]), and tert (telomerase reverse transcriptase) promoter (eg, central nervous system [cns] tumors), next-generation sequencing (single-nucleotide variants [snv], deletions, and insertions)"
2026,0482U,,20260101,N,00128.82,Ob pe biochem asy sflt1&plgf,Testing of specific protein and factors to determine risk of progression of,"Obstetrics (preeclampsia), biochemical assay of soluble fmslike tyrosine kinase 1 (sflt-1) and placental growth factor (plgf), serum, ratio reported for sflt1/plgf, with risk of progression for preeclampsia with severe features within 2 weeks"
2026,0483U,,20260101,N,00035.09,Nfct ds ng gyra s91f pt mut,Testing for probability of fluoroquinolone resistance in gonorrhea,"Infectious disease (neisseria gonorrhoeae), sensitivity, ciprofloxacin resistance (gyra s91f point mutation), oral, rectal, or vaginal swab, algorithm reported as probability of fluoroquinolone resistance"
2026,0484U,,20260101,N,00035.09,Nfct ds mgen 23s rrna pt mut,Testing for probability of macrolide resistance in in mycoplasma genitalium,"Infectious disease (mycoplasma genitalium), macrolide sensitivity (23s rrna point mutation), oral, rectal, or vaginal swab, algorithm reported as probability of macrolide resistance"
2026,0485U,,20260101,N,03649.48,Onc sol tum cfdna&rna ngs gm,RNA next-generation sequencing in solid tumor cancer,"Oncology (solid tumor), cell-free dna and rna by next-generation sequencing, interpretative report for germline mutations, clonal hematopoiesis of indeterminate potential, and tumor-derived single-nucleotide variants, small insertions/deletions, copy number alterations, fusions, microsatellite instability, and tumor mutational burden"
2026,0486U,,20260101,N,01644.25,Onc pan sol tum ngs cfctdna,DNA next-generation sequencing of tumor methylation markers present in,"Oncology (pan-solid tumor), nextgeneration sequencing analysis of tumor methylation markers present in cell-free circulating tumor dna, algorithm reported as quantitative measurement of methylation as a correlate of tumor fraction"
2026,0487U,,20260101,N,02919.60,Onc sol tum cfcdna tgsap 84,Genomic sequence analysis of 84 genes in solid tumors,"Oncology (solid tumor), cell-free circulating dna, targeted genomic sequence analysis panel of 84 genes, interrogation for sequence variants, aneuploidycorrected gene copy number amplifications and losses, gene rearrangements, and microsatellite instability"
2026,0488U,,20260101,N,00759.05,Ob fetal ag nipt cfdna alys,DNA sequence analysis for detection of fetal presence of antigen(s),"Obstetrics (fetal antigen noninvasive prenatal test), cellfree dna sequence analysis for detection of fetal presence or absence of 1 or more of the rh, c, c, d, e, duffy (fya), or kell (k) antigen in alloimmunized pregnancies, reported as selected antigen(s) detected or not detected"
2026,0489U,,20260101,N,01153.62,Ob sgnipt cfdna seq alys 1+,Single-gene noninvasive prenatal test to determine fetal risk score for,"Obstetrics (single-gene noninvasive prenatal test), cellfree dna sequence analysis of 1 or more targets (eg, cftr, smn1, hbb, hba1, hba2) to identify paternally inherited pathogenic variants, and relative mutation-dosage analysis based on molecular counts to determine fetal inheritance of maternal mutation, algorithm reported as a fetal risk score for the condition (eg, cystic fibrosis, spinal muscular atrophy, beta hemoglobinopathies [including sickle cell disease], alpha thalassemia)"
2026,0490U,,20260101,N,02435.00,Onc cutan/uveal mlnma cd146,Testing for antigen and protein biomarkers in melanoma(s),"Oncology (cutaneous or uveal melanoma), circulating tumor cell selection, morphological characterization and enumeration based on differential cd146, high molecular-weight melanomaassociated antigen, cd34 and cd45 protein biomarkers, peripheral blood"
2026,0491U,,20260101,N,02435.00,Onc sol tum ctc slct er prtn,Testing for protein biomarkers and quantification of estrogen receptor protein,"Oncology (solid tumor), circulating tumor cell selection, morphological characterization and enumeration based on differential epithelial cell adhesion molecule (epcam), cytokeratins 8, 18, and 19, cd45 protein biomarkers, and quantification of estrogen receptor (er) protein biomarker-expressing cells, peripheral blood"
2026,0492U,,20260101,N,02435.00,Onc sol tum ctc slctn pd-l1,Testing for protein biomarkers and quantification of PD-L1 protein biomarker,"Oncology (solid tumor), circulating tumor cell selection, morphological characterization and enumeration based on differential epithelial cell adhesion molecule (epcam), cytokeratins 8, 18, and 19, cd45 protein biomarkers, and quantification of pd-l1 protein biomarkerexpressing cells, peripheral blood"
2026,0493U,,20260101,N,02753.25,Trnspl med quan dd-cfdna ngs,"Testing of donor-derived cell-free DNA, reported as percentage of donor-derived","Transplantation medicine, quantification of donor-derived cell-free dna (cfdna) using nextgeneration sequencing, plasma, reported as percentage of donorderived cell-free dna"
2026,0494U,,20260101,N,00759.05,Rbc ag ftl rhd gene alys ngs,Red blood cell antigen testing in pregnant individuals known to be RhD negative,"Red blood cell antigen (fetal rhd gene analysis), next-generation sequencing of circulating cell-free dna (cfdna) of blood in pregnant individuals known to be rhd negative, reported as positive or negative"
2026,0495U,,20260101,N,00760.00,Onc prst8 alys crcg plsm prt,Analysis of proteins to determine risk of clinically significant prostate cancer,"Oncology (prostate), analysis of circulating plasma proteins (tpsa, fpsa, klk2, psp94, and gdf15), germline polygenic risk score (60 variants), clinical information (age, family history of prostate cancer, prior negative prostate biopsy), algorithm reported as risk of likelihood of detecting clinically significant prostate cancer"
2026,0496U,,20260101,N,00485.86,Onc clrct cfdna 8/7 genes,Analysis of genes and proteins to determine risk of colorectal cancer or,"Oncology (colorectal), cell-free dna, 8 genes for mutations, 7 genes for methylation by real-time rt-pcr, and 4 proteins by enzyme-linked immunosorbent assay, blood, reported positive or negative for colorectal cancer or advanced adenoma risk"
2026,0497U,,20260101,N,03873.00,Onc prst8 mrna rt-pcr 6genes,mRNA gene-expression profiling of 6 genes to determine risk for prostate cancer,"Oncology (prostate), mrna geneexpression profiling by real-time rt-pcr of 6 genes (foxm1, mcm3, mtus1, ttc21b, alas1, and ppp2ca), utilizing formalinfixed paraffin-embedded (ffpe) tissue, algorithm reported as a risk score for prostate cancer"
2026,0498U,,20260101,N,01345.31,Onc clrct ngs mut detc 43gen,Next-generation sequencing for mutation detection in 43 genes and methylation,"Oncology (colorectal), nextgeneration sequencing for mutation detection in 43 genes and methylation pattern in 45 genes, blood, and formalin-fixed paraffin-embedded (ffpe) tissue, report of variants and methylation pattern with interpretation"
2026,0499U,,20260101,N,00597.91,Onc clrct&lng dna ngs 8genes,Next-generation sequencing for mutation detection in 8 genes in colorectal,"Oncology (colorectal and lung), dna from formalin-fixed paraffinembedded (ffpe) tissue, nextgeneration sequencing of 8 genes (nras, egfr, ctnnb1, pik3ca, apc, braf, kras, and tp53), mutation detection"
2026,0500U,,20260101,N,00175.40,Autoinflam ds vexas synd dna,Testing for gene mutations in VEXAS syndrome,"Autoinflammatory disease (vexas syndrome), dna, uba1 gene mutations, targeted variant analysis (m41t, m41v, m41l, c.118-2a>c, c.118-1g>c, c.1189_118-2del, s56f, s621c)"
2026,0501U,,20260101,N,00192.00,Onc clrc bld quan meas cfdna,Measurement of cell-free DNA in colorectal cancer,"Oncology (colorectal), blood, quantitative measurement of cellfree dna (cfdna)"
2026,0502U,,20260101,N,00035.09,Hpv e6/e7 mrk hi-rsk typ crv,Testing for high-risk markers in human papillomavirus,"Human papillomavirus (hpv), e6/e7 markers for high-risk types (16, 18, 31, 33, 35, 39, 45, 51, 52, 56, 58, 59, 66, and 68), cervical cells, branched-chain capture hybridization, reported as negative or positive for high risk for hpv"
2026,0503U,,20260101,N,00750.00,Neuro alz ds bamyl&tau prtn,Testing for beta-amyloid and tau-protein to determine likelihood for amyloid,"Neurology (alzheimer disease), beta amyloid (ab40, ab42, ab42/40 ratio) and tau-protein (ptau217, np-tau217, ptau217/nptau217 ratio), blood, immunoprecipitation with quantitation by liquid chromatography with tandem mass spectrometry (lc-ms/ms), algorithm score reported as likelihood of positive or negative for amyloid plaques"
2026,0504U,,20260101,N,00416.78,Nfct ds uti id 17 path orgs,Testing for detection of 17 pathologic organism for urinary tract infection,"Infectious disease (urinary tract infection), identification of 17 pathologic organisms, urine, realtime pcr, reported as positive or negative for each organism"
2026,0505U,,20260101,N,00679.77,Nfct ds vag infctj id 32orgs,Detection of 32 pathogenic organisms in vaginal infection,"Infectious disease (vaginal infection), identification of 32 pathogenic organisms, swab, real-time pcr, reported as positive or negative for each organism"
2026,0506U,,20260101,N,01938.01,Gi barretts esophgl cell 89,Next-generation sequencing of at least 89 genomic regions to determine,"Gastroenterology (barrett's esophagus), esophageal cells, dna methylation analysis by next-generation sequencing of at least 89 differentially methylated genomic regions, algorithm reported as likelihood for barrett's esophagus"
2026,0507U,,20260101,N,01160.00,Onc ovr dna whole gen w/5hmc,Whole-genome DNA sequencing for detection of ovarian cancer,"Oncology (ovarian), dna, wholegenome sequencing with 5hydroxymethylcytosine (5hmc) enrichment, using whole blood or plasma, algorithm reported as cancer detected or not detected"
2026,0510U,,20260101,N,00473.91,Onc pncrtc ca alg alys 16gen,Augmentative algorithmic analysis of 16 genes using previously sequenced RNA,"Oncology (pancreatic cancer), augmentative algorithmic analysis of 16 genes from previously sequenced rna wholetranscriptome data, reported as probability of predicted molecular subtype"
2026,0511U,,20260101,N,03033.86,Onc sol tum 3dmicroenvir 36+,Testing of tumor cell culture for a 36 or more drug panel to determine,"Oncology (solid tumor), tumor cell culture in 3d microenvironment, 36 or more drug panel, reported as tumor-response prediction for each drug"
2026,0512U,,20260101,N,00706.25,Onc prst8 alys dgtz img msi,Augmentative algorithmic analysis of digitized whole-slide imaging of tissue,"Oncology (prostate), augmentative algorithmic analysis of digitized whole-slide imaging of histologic features for microsatellite instability (msi) status, formalin-fixed paraffinembedded (ffpe) tissue, reported as increased or decreased probability of msi-high (msi-h)"
2026,0513U,,20260101,N,00706.25,Onc prst8 alg alys msi&hrd,Augmentative algorithmic analysis of digitized whole-slide imaging of tissue,"Oncology (prostate), augmentative algorithmic analysis of digitized whole-slide imaging of histologic features for microsatellite instability (msi) and homologous recombination deficiency (hrd) status, formalinfixed paraffin-embedded (ffpe) tissue, reported as increased or decreased probability of each biomarker"
2026,0514U,,20260101,N,00038.57,Gi ibd ia quan deter adl lvl,Testing for adalimumab levels in patients undergoing adalimumab therapy for,"Gastroenterology (irritable bowel disease [ibd]), immunoassay for quantitative determination of adalimumab (adl) levels in venous serum in patients undergoing adalimumab therapy, results reported as a numerical value as micrograms per milliliter ( g/ml)"
2026,0515U,,20260101,N,00038.57,Gi ibd ia quan deter ifx lvl,Testing for infliximab patients undergoing infliximab therapy for irritable,"Gastroenterology (irritable bowel disease [ibd]), immunoassay for quantitative determination of infliximab (ifx) levels in venous serum in patients undergoing infliximab therapy, results reported as a numerical value as micrograms per milliliter ( g/ml)"
2026,0516U,,20260101,N,00416.78,Rx metab rxgenomic gnotyp 40,Pharmacogenomic genotyping of 40 genes reported as metabolizer status for drug,"Drug metabolism, whole blood, pharmacogenomic genotyping of 40 genes and cyp2d6 copy number variant analysis, reported as metabolizer status"
2026,0517U,,20260101,N,00246.92,Ther rx mntr 80+ psyactiv rx,"Testing for 80 or more psychoactive drugs or substances, minimally and","Therapeutic drug monitoring, 80 or more psychoactive drugs or substances, lc-ms/ms, plasma, qualitative and quantitative therapeutic minimally and maximally effective dose of prescribed and non-prescribed medications"
2026,0518U,,20260101,N,00246.92,Ther rx mntr 90+ pn&mtl hlth,"Testing for 90 or more pain and mental health drugs or substances, minimally","Therapeutic drug monitoring, 90 or more pain and mental health drugs or substances, lc-ms/ms, plasma, qualitative and quantitative therapeutic minimally effective range of prescribed and non-prescribed medications"
2026,0519U,,20260101,N,00246.92,Ther rx mntr meds p/d/a 110+,"Testing for 110 or more medications for pain, depression, and anxiety,","Therapeutic drug monitoring, medications specific to pain, depression, and anxiety, lcms/ms, plasma, 110 or more drugs or substances, qualitative and quantitative therapeutic minimally effective range of prescribed, non-prescribed, and illicit medications in circulation"
2026,0520U,,20260101,N,00246.92,Ther rx mntr 200+ rx/sbsts,"Testing for 200 or more drugs or substances, minimally effective range of","Therapeutic drug monitoring, 200 or more drugs or substances, lcms/ms, plasma, qualitative and quantitative therapeutic minimally effective range of prescribed and non-prescribed medications"
2026,0521U,,20260101,N,00051.80,Rf iga&igm ccp antb sr-a ia,Test for markers of rheumatoid arthritis,"Rheumatoid factor iga and igm, cyclic citrullinated peptide (ccp) antibodies, and scavenger receptor a (sr-a) by immunoassay, blood"
2026,0522U,,20260101,N,00260.50,Ca vi psp&sp1 antb ia semiql,Test for markers of Sjogren's syndrome,"Carbonic anhydrase vi, parotid specific/secretory protein and salivary protein 1 (sp1), igg, igm, and iga antibodies, immunoassay, semiqualitative, blood"
2026,0523U,,20260101,N,01352.09,Onc soltum dna ngs snv 22gen,DNA next generation sequencing of 22 genes in solid tumor cancers,"Oncology (solid tumor), dna, qualitative, next-generation sequencing (ngs) of single-nucleotide variants (snv) and insertion/deletions in 22 genes utilizing formalin-fixed paraffin-embedded tissue, reported as presence or absence of mutation(s), location of mutation(s), nucleotide change, and amino acid change"
2026,0524U,,20260101,N,00128.82,Ob pe sflt-1/plgf ia srm/pls,Test to predict preeclampsia,"Obstetrics (preeclampsia), sflt-1/plgf ratio, immunoassay, utilizing serum or plasma, reported as a value"
2026,0525U,,20260101,N,03033.86,Onc sphrd cell cul 11-rx pnl,Testing for 11 cancer drugs to predict response to each drug,"Oncology, spheroid cell culture, 11-drug panel (carboplatin, docetaxel, doxorubicin, etoposide, gemcitabine, niraparib, olaparib, paclitaxel, rucaparib, topotecan, veliparib) ovarian, fallopian, or peritoneal response prediction for each drug"
2026,0526U,,20260101,L,00000.00,Nefro rnl trnspl quan cxcl10,Urine test for chemokines to monitor for potential kidney transplant rejection,"Nephrology (renal transplant), quantification of cxcl10 chemokines, flow cytometry, urine, reported as pg/ml creatinine baseline and monitoring over time"
2026,0527U,,20260101,N,00142.63,Hsv 1&2 vzv amp prb tq pthgn,Amplified probe technique testing for Herpes simplex virus types 1 and 2 and,"Herpes simplex virus (hsv) types 1 and 2 and varicella zoster virus (vzv), amplified probe technique, each pathogen reported as detected or not detected"
2026,0528U,,20260101,N,00634.84,Lrt iad 18bct/8vir&7arg rna,Amplified probe technique testing for infectious agents in lower respiratory,"Lower respiratory tract infectious agent detection, 18 bacteria, 8 viruses, and 7 antimicrobial-resistance genes, amplified probe technique, including reverse transcription for rna targets, each analyte reported as detected or not detected with semiquantitative results for 15 bacteria"
2026,0529U,,20260101,L,00000.00,Hem vte snp f2&f5 gen leiden,Test for variants to determine risk for developing blood clots,"Hematology (venous thromboembolism [vte]), genome-wide single-nucleotide polymorphism variants, including f2 and f5 gene analysis, and leiden variant, by microarray analysis, saliva, report as risk score for vte"
2026,0530U,,20260101,N,02919.60,Onc pan-sol tum ctdna 77 gen,DNA next generation sequencing of 77 genes in pan-solid tumor cancers,"Oncology (pan-solid tumor), ctdna, utilizing plasma, next-generation sequencing (ngs) of 77 genes, 8 fusions, microsatellite instability, and tumor mutation burden, interpretative report for single-nucleotide variants, copy-number alterations, with therapy association"
2026,0531U,,20260101,L,00000.00,Nfct ds afb&inv fng 673orgs,DNA next-generation sequencing of 673 infectious disease organisms,"Infectious disease (acid-fast bacteria and invasive fungi), dna (673 organisms), nextgeneration sequencing, plasm"
2026,0532U,,20260101,N,05031.20,Rare ds whlgen&mitochdrl dna,Rapid whole genome and mitochondrial DNA sequencing for rare diseases,"Rare diseases (constitutional disease/hereditary disorders), rapid whole genome and mitochondrial dna sequencing for singlenucleotide variants, insertions/deletions, copy number variations, peripheral blood, buffy coat, saliva, buccal or tissue sample, results reported as positive or negative"
2026,0533U,,20260101,N,00416.78,Rx metab advrs gnotyp 16gens,Genotyping of 16 genes reported as metabolizer status and transporter function,"Drug metabolism (adverse drug reactions and drug response), genotyping of 16 genes (ie, abcg2, cyp2b6, cyp2c9, cyp2c19, cyp2c, cyp2d6, cyp3a5, cyp4f2, dpyd, g6pd, ggcx, nudt15, slco1b1, tpmt, ugt1a1, vkorc1), reported as metabolizer status and transporter function"
2026,0534U,,20260101,L,00000.00,Onc prst8 mirna snp 32 vrnt,"MicroRNA, single-nucleotide polymorphisms (SNPs) analysis of 32 variants","Oncology (prostate), microrna, single-nucleotide polymorphisms (snps) analysis by rt-pcr of 32 variants, using buccal swab algorithm reported as a risk score"
2026,0535U,,20260101,N,00062.14,Pfas lc-ms/ms plsm/srm quan,Testing for perfluoroalkyl substances (PFAS),"Perfluoroalkyl substances (pfas) (eg, perfluorooctanoic acid, perfluorooctane sulfonic acid), by liquid chromatography with tandem mass spectrometry (lcms/ms), plasma or serum, quantitative"
2026,0536U,,20260101,N,00192.00,Rbcag ftl rhd pcr alys exon4,Red blood cell antigen (fetal RhD) testing in pregnant individuals known to be,"Red blood cell antigen (fetal rhd), pcr analysis of exon 4 of rhd gene and housekeeping control gene gapdh from whole blood in pregnant individuals at 10+ weeks gestation known to be rhd negative, reported as fetal rhd status"
2026,0537U,,20260101,N,01495.00,Onc clrct ca cfdna >2500 dmr,DNA next-generation sequencing of more than 2500 differentiated methylated,"Oncology (colorectal cancer), analysis of cell-free dna for epigenomic patterns, nextgeneration sequencing, >2500 differentially methylated regions (dmrs), plasma, algorithm reported as positive or negative"
2026,0538U,,20260101,N,02989.55,Onc sol tum ngts ffpe 600gen,"DNA next generation sequencing of 600 genes, reported as actionable variant in","Oncology (solid tumor), nextgeneration targeted sequencing analysis, formalin-fixed paraffinembedded (ffpe) tumor tissue, dna analysis of 600 genes, interrogation for single-nucleotide variants, insertions/deletions, gene rearrangements, and copy number alterations, microsatellite instability, tumor mutation burden, reported as actionable variant"
2026,0539U,,20260101,N,03288.51,Onc sol tumor cfctdna 152gen,DNA next-generation sequencing of 152 genes reported as actionable variant in,"Oncology (solid tumor), cellfree circulating tumor dna (ctdna), 152 genes, nextgeneration sequencing, interrogation for singlenucleotide variants, insertions/deletions, gene rearrangements, copy number alterations, and microsatellite instability, using whole-blood samples, mutations with clinical actionability reported as actionable variant"
2026,0540U,,20260101,N,02753.25,Trnsplj med quan dd-cfdna,DNA next-generation sequencing reported as a percentage of donor-derived,"Transplantation medicine, quantification of donorderived cell-free dna using next-generation sequencing analysis of plasma, reported as percentage of donorderived cell-free dna to determine probability of rejection"
2026,0541U,,20260101,L,00000.00,Cv ds hdl rct cec lc-ms/ms 5,Testing for 5 HAD-bound apolipoproteins reported as prediction of coronary,"Cardiovascular disease (hdl reverse cholesterol transport), cholesterol efflux capacity, lc-ms/ms, quantitative measurement of 5 distinct hdl-bound apolipoproteins (apolipoproteins a1, c1, c2, c3, and c4), serum, algorithm reported as prediction of coronary artery disease (pcad) score"
2026,0542U,,20260101,L,00000.00,Nefro renal trnspl ur nmr 84,Nuclear magnetic resonance (NMR) spectroscopy measurement of 84 urinary,"Nephrology (renal transplant), urine, nuclear magnetic resonance (nmr) spectroscopy measurement of 84 urinary metabolites, combined with patient data, quantification of bk virus (human polyomavirus 1) using real-time pcr and serum creatinine, algorithm reported as a probability score for allograft injury status"
2026,0543U,,20260101,N,02989.55,Onc sol tum ngs dna 517 gens,DNA next-generation sequencing of 517 genes in solid tumor cancers,"Oncology (solid tumor), nextgeneration sequencing of dna from formalin-fixed paraffin-embedded (ffpe) tissue of 517 genes, interrogation for single- nucleotide variants, multinucleotide variants, insertions and deletions from dna, fusions in 24 genes and splice variants in 1 gene from rna, and tumor mutation burden"
2026,0545U,,20260101,N,00037.73,Achr antb id imfluor livecll,"Testing for acetylcholine receptor (AChR) antibodies, reported as positive or","Acetylcholine receptor (achr), antibody identification by immunofluorescence, using live cells, reported as positive or negative"
2026,0546U,,20260101,N,00037.73,Ldns lrp4 antb imflr livecll,Testing for low-density lipoprotein receptor-related protein 4 (LRP4),"Low-density lipoprotein receptor-related protein 4 (lrp4), antibody identification by immunofluorescence, using live cells, reported as positive or negative"
2026,0547U,,20260101,N,00116.23,Neurflmnt lt chn cleia plsm,Testing for neurofilament light chain (NfL),"Neurofilament light chain (nfl), chemiluminescent enzyme immunoassay, plasma, quantitative"
2026,0548U,,20260101,N,00116.23,Gfap cleia plasma,Testing for glial fibrillary acidic protein (GFAP),"Glial fibrillary acidic protein (gfap), chemiluminescent enzyme immunoassay, using plasma"
2026,0549U,,20260101,N,00760.00,Onc urthl dna mthyltd rt pcr,DNA testing for biomarkers reported as probability index for bladder cancer,"Oncology (urothelial), dna, quantitative methylated realtime pcr of trna-cys, sim2, and nkx1-1, using urine, diagnostic algorithm reported as a probability index for bladder cancer and/or upper tract urothelial carcinoma (utuc)"
2026,0552U,,20260101,L,00000.00,Repr med pga gdo te bx locus,"Testing for genetic disorders from outer layer of embryo cells, reported as","Reproductive medicine (preimplantation genetic assessment), analysis for known genetic disorders from trophectoderm biopsy, linkage analysis of disease-causing locus, and when possible, targeted mutation analysis for known familial variant, reported as low-risk or high-risk for familial genetic disorder"
2026,0553U,,20260101,N,00759.05,Repr med pga embry te strux,Analysis of 24 chromosomes using DNA genomic sequence analysis of outer layer,"Reproductive medicine (preimplantation genetic assessment), analysis of 24 chromosomes using dna genomic sequence analysis from embryonic trophectoderm for structural rearrangements, aneuploidy, and a mitochondrial dna score, results reported as normal/balanced (euploidy/balanced), unbalanced structural rearrangement, monosomy, trisomy, segmental aneuploidy, or mosaic, per embryo tested"
2026,0554U,,20260101,N,00759.05,Repr med pga 24chrm te bx qc,Analysis of 24 chromosomes using DNA genomic sequence analysis of outer layer,"Reproductive medicine (preimplantation genetic assessment), analysis of 24 chromosomes using dna genomic sequence analysis from trophectoderm biopsy for aneuploidy, ploidy, a mitochondrial dna score, and embryo quality control, results reported as normal (euploidy), monosomy, trisomy, segmental aneuploidy, triploid, haploid, or mosaic, with quality control results reported as contamination detected or inconsistent cohort when applicable, per embryo tested"
2026,0555U,,20260101,N,00759.05,Repr med pga embryonic te qc,Analysis of 24 chromosomes using DNA genomic sequence analysis of outer layer,"Reproductive medicine (preimplantation genetic assessment), analysis of 24 chromosomes using dna genomic sequence analysis from embryonic trophectoderm for structural rearrangements, aneuploidy, ploidy, a mitochondrial dna score, and embryo quality control, results reported as normal/balanced (euploidy/balanced), unbalanced structural rearrangement, monosomy, trisomy, segmental aneuploidy, triploid, haploid, or mosaic, with quality control results reported as contamination detected or inconsistent cohort when applicable, per embryo tested"
2026,0556U,,20260101,N,00142.63,Nfct ds p-s dna&rna 12 trgts,Testing of pathogen-specific DNA and RNA by real-time PCR for 12 targets from,"Infectious disease (bacterial or viral respiratory tract infection), pathogen-specific dna and rna by real-time pcr, 12 targets, nasopharyngeal or oropharyngeal swab, including multiplex reverse transcription for rna targets, each analyte reported as detected or not detected"
2026,0557U,,20260101,N,00262.99,Nfct ds bv dna mrk vag fluid,Real-time amplification testing for bacterial DNA markers in vaginal fluid,"Infectious disease (bacterial vaginosis and vaginitis), real-time amplification of dna markers for atopobium vaginae, gardnerella vaginalis, megasphaera types 1 and 2, bacterial vaginosis associated bacteria-2 and -3 (bvab-2, bvab-3), mobiluncus species, trichomonas vaginalis, neisseria gonorrhoeae, candida species (c. albicans, c. tropicalis, c. parapsilosis, c. glabrata, c. krusei), herpes simplex viruses 1 and 2, vaginal fluid, reported as detected or not detected for each organism"
2026,0558U,,20260101,N,00020.81,Onc clrct elisa bf7 ag serum,Quantitative enzyme-linked immunosorbent assay (ELISA) for secreted colorectal,"Oncology (colorectal), quantitative enzyme-linked immunosorbent assay (elisa) for secreted colorectal cancer protein marker (bf7 antigen), using serum, result reported as indicative of response/no response to therapy or disease progression/regression"
2026,0559U,,20260101,N,00020.81,Onc brs quan elisa bf9ag srm,Quantitative enzyme-linked immunosorbent assay (ELISA) for secreted breast,"Oncology (breast), quantitative enzyme-linked immunosorbent assay (elisa) for secreted breast cancer protein marker (bf9 antigen), serum, result reported as indicative of response/no response to therapy or disease progression/regression"
2026,0560U,,20260101,N,03878.45,Onc mrd gsa cfdna baseline,"Genomic sequence analysis in cell-free DNA in whole blood and tumor tissue,","Oncology (minimal residual disease [mrd]), genomic sequence analysis, cell-free dna, whole blood and tumor tissue, baseline assessment for design and construction of a personalized variant panel to evaluate current mrd and for comparison to subsequent mrd assessments"
2026,0561U,,20260101,N,00794.49,Onc mrd gsa cfdna subsequent,"Genomic sequence analysis in cell-free DNA in whole blood, subsequent","Oncology (minimal residual disease [mrd]), genomic sequence analysis, cell-free dna, whole blood, subsequent assessment with comparison to initial assessment to evaluate for mrd"
2026,0562U,,20260101,N,00597.91,Onc sol tum tgsa 33gens snvs,"Targeted genomic sequence analysis of 33 genes, detection of single-nucleotide","Oncology (solid tumor), targeted genomic sequence analysis, 33 genes, detection of single-nucleotide variants (snvs), insertions and deletions, copy-number amplifications, and translocations in human genomic circulating cell-free dna, plasma, reported as presence of actionable variants"
2026,0563U,,20260101,N,00416.78,Nfct ds pthgn-sna 11vir&4bct,Pathogen-specific nucleic acid DNA or RNA testing for 11 viral targets and 4,"Infectious disease (bacterial and/or viral respiratory tract infection), pathogen-specific nucleic acid (dna or rna), 11 viral targets and 4 bacterial targets, qualitative rt-pcr, upper respiratory specimen, each pathogen reported as positive or negative"
2026,0563U,QW,20260101,N,00416.78,Nfct ds pthgn-sna 11vir&4bct,Pathogen-specific nucleic acid DNA or RNA testing for 11 viral targets and 4,"Infectious disease (bacterial and/or viral respiratory tract infection), pathogen-specific nucleic acid (dna or rna), 11 viral targets and 4 bacterial targets, qualitative rt-pcr, upper respiratory specimen, each pathogen reported as positive or negative"
2026,0564U,,20260101,N,00416.78,Nfct ds pthgn-sna 10vir&4bct,Pathogen-specific nucleic acid DNA or RNA testing for 10 viral targets and 4,"Infectious disease (bacterial and/or viral respiratory tract infection), pathogen-specific nucleic acid (dna or rna), 10 viral targets and 4 bacterial targets, qualitative rt-pcr, upper respiratory specimen, each pathogen reported as positive or negative"
2026,0564U,QW,20260101,N,00416.78,Nfct ds pthgn-sna 10vir&4bct,Pathogen-specific nucleic acid DNA or RNA testing for 10 viral targets and 4,"Infectious disease (bacterial and/or viral respiratory tract infection), pathogen-specific nucleic acid (dna or rna), 10 viral targets and 4 bacterial targets, qualitative rt-pcr, upper respiratory specimen, each pathogen reported as positive or negative"
2026,0565U,,20260101,N,01160.00,Onc hcc ngs detc 6626epigalt,Next-generation sequencing methylation pattern assay to detect 6626 epigenetic,"Oncology (hepatocellular carcinoma), next-generation sequencing methylation pattern assay to detect 6626 epigenetic alterations, cell-free dna, plasma, algorithm reported as cancer signal detected or not detected"
2026,0566U,,20260101,N,00416.78,Onc lng qpcr-bsd alys 13dmrs,"qPCR-based analysis of 13 differentially methylated regions in pleural fluid,","Oncology (lung), qpcr-based analysis of 13 differentially methylated regions (ccdc181, hoxa7, lrrc8a, marchf11, mir129-2, ncor2, pantr1, prkcb, slc9a3, tbr1_2, trap1, vwc2, znf781), pleural fluid, algorithm reported as a qualitative result"
2026,0567U,,20260101,N,05031.20,Rare ds whl gen seq srs&lrs,"Whole-genome sequence analysis n blood, saliva, amniocentesis, chorionic villus","Rare diseases (constitutional/heritable disorders), whole-genome sequence analysis combination of short and long reads, for single-nucleotide variants, insertions/deletions and characterized intronic variants, copy-number variants, duplications/deletions, mobile element insertions, runs of homozygosity, aneuploidy, and inversions, mitochondrial dna sequence and deletions, short tandem repeat genes, methylation status of selected regions, blood, saliva, amniocentesis, chorionic villus sample or tissue, identification and categorization of genetic variants"
2026,0568U,,20260101,N,00897.00,Neurol dementia bamyl ptau,Testing for proteins by ultra high-sensitivity molecule array detection in,"Neurology (dementia), beta amyloid (ab40, ab42, ab42/40 ratio), tau-protein phosphorylated at residue (eg, ptau217), neurofilament light chain (nfl), and glial fibrillary acidic protein (gfap), by ultra-high sensitivity molecule array detection, plasma, algorithm reported as positive, intermediate, or negative for alzheimer pathology"
2026,0569U,,20260101,L,00000.00,Onc sol tum ngs tmm>20000dmr,Next-generation sequencing analysis of tumor methylation markers present in,"Oncology (solid tumor), next-generation sequencing analysis of tumor methylation markers (>20000 differentially methylated regions) present in cell-free circulating tumor dna (ctdna), whole blood, algorithm reported as presence or absence of ctdna with tumor fraction, if appropriate"
2026,0570U,,20260101,N,00260.50,Neurol tbi alys gfap&uch-l1,"Testing for proteins in whole blood or plasma, individual components reported","Neurology (traumatic brain injury), analysis of glial fibrillary acidic protein (gfap) and ubiquitin carboxyl-terminal hydrolase l1 (uch-l1), immunoassay, whole blood or plasma, individual components reported with the overall result of elevated or non-elevated based on threshold comparison"
2026,0571U,,20260101,N,02919.60,Onc sol tum dna80&rna10g ngs,"Next-generation sequencing of DNA in 80 genes and RNA in 10 genes in plasma,","Oncology (solid tumor), dna (80 genes) and rna (10 genes), by next-generation sequencing, plasma, including single-nucleotide variants, insertions/deletions, copy-number alterations, microsatellite instability, and fusions, reported as clinically actionable variants"
2026,0572U,,20260101,L,00000.00,Onc prst8 httl qfish whl bld,"High-throughput telomere length quantification by FISH testing in whole blood,","Oncology (prostate), high-throughput telomere length quantification by fish, whole blood, diagnostic algorithm reported as risk of prostate cancer"
2026,0573U,,20260101,L,00000.00,Onc pancreas 3bmrk pclf alg,"Testing for 3 biomarkers in pancreatic cyst lesion fluid, algorithm reported as","Oncology (pancreas), 3 biomarkers (glucose, carcinoembryonic antigen, and gastricsin), pancreatic cyst lesion fluid, algorithm reported as categorical mucinous or non-mucinous"
2026,0574U,,20260101,L,00000.00,Mtb cfp-10 serum/plsm lc-ms,Culture filtrate protein-10-kDa testing in serum or plasma for tuberculosis,"Mycobacterium tuberculosis, culture filtrate protein?10-kda (cfp-10), serum or plasma, liquid chromatography mass spectrometry (lc-ms)"
2026,0575U,,20260101,N,00380.00,Trnsplj med lar rtpcr 4genes,miRNA gene expression profiling by RT-PCR of 4 genes in serum reported as risk,"Transplantation medicine (liver allograft rejection), mirna gene expression profiling by rt-pcr of 4 genes (mir-122, mir-885, mir-23a housekeeping, spike-in control), serum, algorithm reported as risk of liver allograft rejection"
2026,0576U,,20260101,N,03240.00,Trnsplj med lar quan ddcfdna,Whole genome next-generation sequencing in plasma and mRNA gene expression,"Transplantation medicine (liver allograft rejection), quantitative donor-derived cell-free dna (cfdna) by whole genome nextgeneration sequencing, plasma and mrna gene expression profiling by multiplex real-time pcr of 56 genes, whole blood, combined algorithm reported as a rejection risk score"
2026,0578U,,20260101,N,03873.00,Onc cutan mln rna qpcr 10gen,RNA gene expression profiling of 10 genes results reported as either low-risk,"Oncology (cutaneous melanoma), rna, gene expression profiling by realtime qpcr of 10 genes (8 content and 2 housekeeping), utilizing formalin-fixed paraffin-embedded (ffpe) tissue, algorithm reports a binary result, either low-risk or high-risk for sentinel lymph node metastasis and recurrence"
2026,0579U,,20260101,N,00390.75,Nfro dbtc ckd elisa apoa4,Test for proteins in plasma combined with estimated glomerular filtration rate,"Nephrology (diabetic chronic kidney disease), enzymelinked immunosorbent assay (elisa) of apolipoprotein a4 (apoa4), cd5 antigen-like (cd5l) combined with estimated glomerular filtration rate (gfr), age, plasma, algorithm reported as a risk score for kidney function decline"
2026,0580U,,20260101,N,00017.21,Bbrgdrferi ld antb detcj 31,Antibody detection test for borrelia,"Borrelia burgdorferi (lyme disease), antibody detection of 31 recombinant protein groups, by immunoassay, igg"
2026,0581U,,20260101,N,00325.80,Trnspl med antb nohla 39trgt,"Antibody test in blood, results reported as positive for antibodies tested in","Transplantation medicine, antibody to non-human leukocyte antigens (nonhla), blood specimen, flow cytometry, single-antigen bead technology, 39 targets, individual positive antibodies reported"
2026,0582U,,20260101,N,07582.20,Rare ds rpd whlgen dna vrnts,"Rapid whole genome sequence analysis of blood, saliva, tissue sample for","Rare diseases (constitutional disease/hereditary disorders), rapid whole genome dna sequencing for singlenucleotide variants, insertions/deletions, copy number variations, blood, saliva, tissue sample, variants reported"
2026,0583U,,20260101,N,03791.10,Rare ds rpd whlgen cmptr dna,"Rapid whole genome comparator sequencing of blood, saliva, tissue sample for","Rare diseases (constitutional disease/hereditary disorders), rapid whole genome comparator dna sequencing for single-nucleotide variants, insertions/deletions, copy number variations, blood, saliva, tissue sample, variants reported with proband results (list separately in addition to code for primary procedure)"
2026,0584U,,20260101,N,00540.99,Neuro csf prion prtn qual,Testing for protein to detect prion disease,"Neurology (prion disease), cerebrospinal fluid, detection of prion protein by quakinginduced conformational conversion, qualitative"
2026,0585U,,20260101,N,02919.60,Tgsap so neo cfdna 521 genes,Targeted genomic testing for solid organ cancer,"Targeted genomic sequence analysis panel, solid organ neoplasm, circulating cell-free dna (cfdna) analysis from plasma of 521 genes, interrogation for sequence variants, gene copy number amplifications, gene rearrangements, and microsatellite instability, report shows identified mutations, including variants with clinical actionability"
2026,0586U,,20260101,N,02919.60,Onc mrna gen xprsn 216 genes,mRNA gene expression profiling of 216 genes in cancer,"Oncology, mrna, gene expression profiling of 216 genes (204 targeted and 12 housekeeping genes), rna expression analysis, formalinfixed paraffin-embedded (ffpe) tissue, quantitative, reported as log2 ratio per gene"
2026,0587U,,20260101,N,00114.43,Ther rx mntr 60150rx&metabl,Testing for drug metabolites in urine and saliva reported as a risk score for,"Therapeutic drug monitoring, 60-150 drugs and metabolites, urine, saliva, quantitative liquid chromatography with tandem mass spectrometry (lcms/ms), specimen validity, and algorithmic analyses for presence or absence of drug or metabolite, risk score predicted for adverse drug effects"
2026,0588U,,20260101,N,00760.00,Nfct ds bct/vir 32genes mrna,"mRNA gene expression profiling of 32 genes in whole blood, reported as risk","Infectious disease (bacterial or viral), 32 genes (29 informative and 3 housekeeping), immune response mrna, gene expression profiling by splitwell multiplex reverse transcription loop-mediated isothermal amplification (rtlamp), whole blood, reported as continuous risk scores for likelihood of bacterial and viral infection and likelihood of severe illness within the next 7 days"
2026,0589U,,20260101,N,00198.74,Pfas24cmpnd hiperf lc-ms/ms,Testing of plasma or serum for 24 perfluoroalkyl substances (PFAS) compounds,"Perfluoroalkyl substances (pfas) (eg, perfluorooctanoic acid, perfluorooctane sulfonic acid), 24 pfas compounds by high-performance liquid chromatography with tandem mass spectrometry (lcms/ms), plasma or serum, quantitative"
2026,0590U,,20260101,L,00000.00,Nfct ds bct&fngl dna 44 orgs,Measurement of DNA of bacteria and fungi in urine,"Infectious disease (bacterial and fungal), dna of 44 organisms (34 bacteria, 10 fungi), urine, next-generation sequencing, reported as positive or negative for each organism"
2026,0591U,,20260101,N,00760.00,Onc prst8 ca 3prtns plsm srm,Analysis of proteins in plasma reported as a probability score for prostate,"Oncology (prostate cancer), biochemical analysis of 3 proteins (total psa, free psa, and he4), plasma, serum, prognostic algorithm incorporating 3 proteins and digital rectal examination, results reported as a probability score for clinically significant prostate cancer"
2026,0592U,,20260101,N,02919.60,Onc hl neo dna tgs 417 genes,Targeted genomic testing for blood/lymph tumors,"Oncology (hematolymphoid neoplasms), dna, targeted genomic sequence of 417 genes, interrogation for gene fusions, translocations, rearrangements, utilizing formalin-fixed paraffinembedded (ffpe) tumor tissue, results report clinically significant variant(s)"
2026,0593U,,20260101,N,00634.84,Nfct ds gu pthgn dna 46trgt,"Measurement of DNA of pathogens in urine, results reported as detected or not","Infectious disease (genitourinary pathogens), dna, 46 targets (28 pathogens, 18 resistance genes), rt-pcr amplified probe technique, urine, each analyte reported as detected or not detected"
2026,0594U,,20260101,L,00000.00,Nfct ds sepsis pncrtc spc,"Measurement of protein in blood, reported as risk of blood infection","Infectious disease (sepsis), semiquantitative measurement of pancreatic stone protein concentration, whole blood, reported as risk of sepsis"
2026,0595U,,20260101,N,00262.99,Nfct ds tfp vctrbrn&zoonotic,"Measurement of tropical fever pathogens in blood, results reported as detected","Infectious disease (tropical fever pathogens), vectorborne and zoonotic pathogens, including 2 viruses (chikungunya virus and dengue virus serotypes 1, 2, 3, and 4), 1 bacterium (leptospira species), and 1 parasite with species differentiation (plasmodium species, plasmodium falciparum, and plasmodium vivax/ovale), real-time rtpcr, whole blood, each pathogen reported as detected or not detected"
2026,0596U,,20260101,L,00000.00,Neuro alzds plsm 3dstnct isp,Measurement of peptides in plasma in Alzheimer disease reported as an,"Neurology (alzheimer disease), plasma, 3 distinct isoform-specific peptides (apoe2, apoe3, and apoe4) by liquid chromatography with tandem mass spectrometry (lcms/ms), reported as an apoe prototype"
2026,0597U,,20260101,L,00000.00,Onc breast rna xprsn 329gens,RNA gene expression profiling of 329 genes and testing of 20 proteins to,"Oncology (breast), rna expression profiling of 329 genes by targeted nextgeneration sequencing and 20 proteins by multiplex immunofluorescence, formalin-fixed paraffinembedded (ffpe) tissue, algorithmic analyses to determine tumor-recurrence risk score"
2026,0598U,,20260101,N,00300.00,Gi ibs igg antb 18food items,"Testing for IgG antibodies to 18 food items in blood or serum, results reported","Gastroenterology (irritable bowel syndrome), igg antibodies to 18 food items by enzyme-linked immunosorbent assay (elisa), whole blood or serum, report as elevated (positive) or normal (negative) antibody levels"
2026,0599U,,20260101,N,00897.00,Onc pncrtc ca mult ia serum,Testing for biomarkers for pancreatic cancer,"Oncology (pancreatic cancer), multiplex immunoassay of icam1, timp1, ctsd, thbs1, and ca 19-9, serum, diagnostic algorithm reported as positive or negative"
2026,0600U,,20260101,L,00000.00,Nfct ds wnd infctj 65orgs&30,"Infectious disease (wound infection), identification of 65 organisms and 30","Infectious disease (wound infection), identification of 65 organisms and 30 antibiotic resistance genes, wound swab, real-time pcr, reported as positive or negative for each organism"
2026,0601U,,20260101,L,00000.00,Nfct ds pji alys 11 bmrks ia,"Infectious disease (periprosthetic joint infection), analysis of 11 biomarkers","Infectious disease (periprosthetic joint infection), analysis of 11 biomarkers (alpha defensins 1-3, creactive protein, microbial antigens for staphylococcus [spa, spb], enterococcus, candida, and c. acnes, total nucleated cell count, percent neutrophils, rbc count, and absorbance at 280 nm) using immunoassays, hematology, clinical chemistry, synovial fluid, and diagnostic algorithm reported as a probability score"
2026,0602U,,20260101,L,00000.00,Endocrin dm ins gen mthyltn,"Endocrinology (diabetes), insulin (ins) gene methylation using digital droplet","Endocrinology (diabetes), insulin (ins) gene methylation using digital droplet pcr, insulin, and cpeptide immunoassay, serum, hemoglobin a1c immunoassay, whole blood, algorithm reported as diabetes-risk score"
2026,0603U,,20260101,L,00000.00,Rx asy prsmv 77rx/metablt ur,"Drug assay, presumptive, 77 drugs or metabolites, urine, liquid chromatography","Drug assay, presumptive, 77 drugs or metabolites, urine, liquid chromatography with tandem mass spectrometry (lc-ms/ms), results reported as positive or negative"
2026,0604U,,20260101,L,00000.00,All&immunology crae 4bk pep,"Allergy and immunology (chronic recurrent angioedema), 4 bradykinin peptides,","Allergy and immunology (chronic recurrent angioedema), 4 bradykinin peptides, liquid chromatography and tandem mass spectrometry (lc-ms/ ms), whole blood, quantitative"
2026,0605U,,20260101,L,00000.00,All&immunology hat tpsab1,"Allergy and immunology (hereditary alpha tryptasemia), dna, analysis of tpsab1","Allergy and immunology (hereditary alpha tryptasemia), dna, analysis of tpsab1 gene copy number variation using digital pcr, whole blood, results reported with genotypespecific interpretation of alpha-tryptase copy number and algorithmic classification as normal or abnormal"
2026,0606U,,20260101,L,00000.00,Hem red cll memb do rbc oge,"Hematology (red cell membrane disorders), rbcs, osmotic gradient ektacytometry,","Hematology (red cell membrane disorders), rbcs, osmotic gradient ektacytometry, whole blood, quantitative"
2026,0607U,,20260101,L,00000.00,Reprdtve med ema rtpcr 31bct,"Reproductive medicine (endometrial microbiome assessment), real-time pcr","Reproductive medicine (endometrial microbiome assessment), real-time pcr analysis for 31 bacterial dna targets from endometrial biopsy, reported with quantified levels of bacterial presence and targeted treatment recommendations"
2026,0608U,,20260101,L,00000.00,Reprdtve med ema rtpcr 10bct,"Reproductive medicine (endometrial microbiome assessment), real-time pcr","Reproductive medicine (endometrial microbiome assessment), real-time pcr analysis for 10 bacterial dna targets from endometrial biopsy, reported with quantified levels of bacterial presence and targeted treatment recommendations"
2026,0609U,,20260101,L,00000.00,Onc prostate ia tot&free psa,"Oncology (prostate), immunoassay for total prostate-specific antigen (psa) and","Oncology (prostate), immunoassay for total prostate-specific antigen (psa) and free psa, serum or plasma, combined with clinical features, algorithm reported as a probability score for clinically significant prostate cancer"
2026,0610U,,20260101,L,00000.00,Nfct ds antmcr sc phenotypic,"Infectious disease (antimicrobial susceptibility), phenotypic antimicrobial","Infectious disease (antimicrobial susceptibility), phenotypic antimicrobial susceptibility testing of positive blood culture using microfluidic sensor technology to quantify bacterial growth response to multiple antibiotic types, reporting categorical susceptibility (susceptible, susceptible dose dependent, intermediate, resistant), minimum inhibitory concentration, and interpretive comments"
2026,0611U,,20260101,L,00000.00,Onc lvr alys >1000 mr cfdna,"Oncology (liver), analysis of over 1,000 methylated regions, cell-free dna from","Oncology (liver), analysis of over 1,000 methylated regions, cell-free dna from plasma, algorithm reported as a quantitative result"
2026,0612U,,20260101,L,00000.00,Onc lvr alys >1000 mr cfdna,"Oncology (liver), analysis of over 1,000 methylated regions, cell-free dna from","Oncology (liver), analysis of over 1,000 methylated regions, cell-free dna from plasma, algorithm reported as a quantitative result"
2026,0613U,,20260101,L,00000.00,Onc uc dna mthyltn&mut 6bmrk,"Oncology (urothelial carcinoma), dna methylation and mutation analysis of 6","Oncology (urothelial carcinoma), dna methylation and mutation analysis of 6 biomarkers (twist1, otx1, onecut2, fgfr3, hras, tert promoter region), methylation-specific pcr and targeted next-generation sequencing, urine, algorithm reported as a probability index for bladder cancer and upper tract urothelial carcinoma"
2026,0614U,,20260401,L,00000.00,Iem pmd alys 4 nzm cplx page,"Inborn error of metabolism (primary mitochondrial disease), mitochondrial","Inborn error of metabolism (primary mitochondrial disease), mitochondrial analysis of 4 enzyme complexes by stained blue native polyacrylamide gel electrophoresis (page), frozen tissue (muscle, liver, heart, cultured skin fibroblasts), diagnostic qualitative result"
2026,0615U,,20260401,L,00000.00,Bbrgdrferi ld antb detcj 26,"Borrelia burgdorferi (lyme disease), antibody detection of 26 recombinant","Borrelia burgdorferi (lyme disease), antibody detection of 26 recombinant protein groups, by immunoassay, igm"
2026,0616U,,20260401,L,00000.00,Neurol dementia alys >30000,"Neurology (dementia), dna methylation analysis of more than 30,000 sites, whole","Neurology (dementia), dna methylation analysis of more than 30,000 sites, whole blood, algorithm reported as positive or negative risk"
2026,0617U,,20260401,L,00000.00,Cv ascvd dna alys >20000,"Cardiovascular (atherosclerotic cardiovascular disease [ascvd]), dna","Cardiovascular (atherosclerotic cardiovascular disease [ascvd]), dna methylation analysis of more than 20,000 sites, whole blood, algorithm reported as positive or negative risk"
2026,0618U,,20260401,L,00000.00,Psyc bd dna mthyl alys>10000,"Psychiatry (bipolar disorder), dna methylation analysis of more than 10,000","Psychiatry (bipolar disorder), dna methylation analysis of more than 10,000 sites, whole blood, algorithm reported as positive or negative risk"
2026,0619U,,20260401,L,00000.00,Pulm copd dna alys >18000,"Pulmonary (chronic obstructive pulmonary disease [copd]), dna methylation","Pulmonary (chronic obstructive pulmonary disease [copd]), dna methylation analysis of more than 18,000 sites, whole blood, algorithm reported as positive or negative risk"
2026,0620U,,20260401,L,00000.00,Onc hcc dna mthyln alys>5000,"Oncology (hepatocellular carcinoma), dna methylation analysis of more than","Oncology (hepatocellular carcinoma), dna methylation analysis of more than 5,000 sites, whole blood, algorithm reported as positive or negative risk"
2026,0621U,,20260401,L,00000.00,Nfct ds lb dna alys>10000,"Infectious disease (lyme borreliosis), dna methylation analysis of more than","Infectious disease (lyme borreliosis), dna methylation analysis of more than 10,000 sites, whole blood, algorithm reported as positive or negative risk"
2026,0622U,,20260401,L,00000.00,Psyc mdd dna alys >20000,"Psychiatry (major depressive disorder), dna methylation analysis of more than","Psychiatry (major depressive disorder), dna methylation analysis of more than 20,000 sites, whole blood, algorithm reported as positive or negative risk"
2026,0623U,,20260401,L,00000.00,Ai ms dna mthyl alys >5000,"Autoimmune (multiple sclerosis), dna methylation analysis of more than 5,000","Autoimmune (multiple sclerosis), dna methylation analysis of more than 5,000 sites, whole blood, algorithm reported as positive or negative risk"
2026,0624U,,20260401,L,00000.00,Hep nash dna mthyl alys 5000,"Hepatology (nonalcoholic steatohepatitis [nash]), dna methylation analysis of","Hepatology (nonalcoholic steatohepatitis [nash]), dna methylation analysis of 5,000 sites, whole blood, algorithm reported as positive or negative risk"
2026,0625U,,20260401,L,00000.00,Endocrinol op dna alys>5000,"Endocrinology (osteoporosis), dna methylation analysis of more than 5,000","Endocrinology (osteoporosis), dna methylation analysis of more than 5,000 sites, whole blood, algorithm reported as positive or negative risk"
2026,0626U,,20260401,L,00000.00,Neurol pd dna alys >20000,"Neurology (parkinson disease), dna methylation analysis of more than 20,000","Neurology (parkinson disease), dna methylation analysis of more than 20,000 sites, whole blood, algorithm reported as positive or negative risk"
2026,0627U,,20260401,L,00000.00,Psyc scz dna alys >15000,"Psychiatry (schizophrenia), dna methylation analysis of more than 15,000 sites,","Psychiatry (schizophrenia), dna methylation analysis of more than 15,000 sites, whole blood, algorithm reported as positive or negative risk"
2026,0628U,,20260401,L,00000.00,Nfro kdn ds genetic cond 449,"Nephrology (kidney diseaserelated genetic conditions), genomic analysis, renal","Nephrology (kidney diseaserelated genetic conditions), genomic analysis, renal disease panel, saliva, dna, next-generation sequencing of 449 genes, reported as pathogenic or likely pathogenic variants of uncertain significance or risk alleles"
2026,0629U,,20260401,L,00000.00,Nfct ds tb dna aly 1trgt pcr,"Infectious disease (tuberculosis), dna, analysis of 1 target by pcr with","Infectious disease (tuberculosis), dna, analysis of 1 target by pcr with clustered regularly interspaced short palindromic repeat (crispr)-based probe detection, plasma or serum, qualitative report as detected or not detected"
2026,0630U,,20260401,L,00000.00,Onc brst mrna gen prflg 80,"Oncology (breast), mrna, gene expression profiling by microarray of 80 genes","Oncology (breast), mrna, gene expression profiling by microarray of 80 genes (80 content and 465 housekeeping), utilizing formalin-fixed paraffinembedded tissue (ffpe), algorithm reported as an index that is diagnostic of a molecular subtype (luminal, basal, her2)"
2026,0631U,,20260701,L,00000.00,Onc sol tum dna seq alys 15,"Oncology (solid tumor), dna, sequence analysis of 15 genes including brca1 and","Oncology (solid tumor), dna, sequence analysis of 15 genes including brca1 and brca2 for identification of clonal hematopoiesis, blood, reported as tumor-derived or nontumor-derived"
2026,0632U,,20260701,L,00000.00,Rbc ag ftl rhd gen alys mpcr,"Red blood cell antigen (fetal rhd gene analysis), multiplex polymerase chain","Red blood cell antigen (fetal rhd gene analysis), multiplex polymerase chain reaction (pcr) and next-generation sequencing (ngs) of circulating cell-free dna (cfdna), plasma from pregnant individuals known to be rhd negative, reported as detected or not detected"
2026,0633U,,20260701,L,00000.00,Ob 1-gene n-invas prntl tst,"Obstetrics (single-gene noninvasive prenatal test), cell-free dna (cfdna),","Obstetrics (single-gene noninvasive prenatal test), cell-free dna (cfdna), next-generation sequencing (ngs) analysis of 1 or more targets (eg, cftr, smn1, hbb, hba1, hba2) to identify paternally inherited pathogenic variants and to determine fetal inheritance of maternal mutation, using maternal blood sample, algorithm reported as a fetal risk score"
2026,0634U,,20260701,L,00000.00,Onc brst ca cfdna evl 11esr1,"Oncology (breast cancer), cell-free dna (cfdna), evaluation of 11 esr1 variants","Oncology (breast cancer), cell-free dna (cfdna), evaluation of 11 esr1 variants (e380q, s463p, l536r, y537c, y537n, y537s, d538g, v422del, l536h, l536p, y537d) using droplet digital pcr (ddpcr), plasma, reported as positive or negative"
2026,0635U,,20260701,L,00000.00,Ai ad mrna gene xprsn 487gen,"Autoimmune (atopic dermatitis), mrna, next-generation sequencing (ngs), gene","Autoimmune (atopic dermatitis), mrna, next-generation sequencing (ngs), gene expression profiling of 487 genes, noninvasive skin-surface scraping, algorithm reported as likelihood of response to therapy"
2026,0636U,,20260701,L,00000.00,Babesia 20 rprtn grps igg,"Babesia (babesiosis), antibody detection of 20 recombinant protein groups, by","Babesia (babesiosis), antibody detection of 20 recombinant protein groups, by immunoassay, igg"
2026,0637U,,20260701,L,00000.00,Babesia 20 rprtn grps igm,"Babesia (babesiosis), antibody detection of 20 recombinant protein groups, by","Babesia (babesiosis), antibody detection of 20 recombinant protein groups, by immunoassay, igm"
2026,0638U,,20260701,L,00000.00,Bartonella antb detcj 32 igg,"Bartonella (bartonellosis), antibody detection of 32 recombinant protein","Bartonella (bartonellosis), antibody detection of 32 recombinant protein groups, by immunoassay, igg"
2026,0639U,,20260701,L,00000.00,Bartonella antb detcj 32 igm,"Bartonella (bartonellosis), antibody detection of 32 recombinant protein","Bartonella (bartonellosis), antibody detection of 32 recombinant protein groups, by immunoassay, igm"
2026,0640U,,20260701,L,00000.00,Onc lm tumor cell slctn id,"Oncology (leptomeningeal metastases), tumor cell selection, identification,","Oncology (leptomeningeal metastases), tumor cell selection, identification, detection and enumeration based on differential cd318(cdcp1), susd2, cd340(erbb2/her2), hgfr/cmet, folr1, egfr, n cadherin, muc1, epcam, and trop2 antibody biomarkers, cerebrospinal fluid, reported as detection and quantification of tumor cells"
2026,0641U,,20260701,L,00000.00,Onc mrd tum dna ngs ffpe 1st,"Oncology (minimal residual disease [mrd]), tumor dna, next-generation","Oncology (minimal residual disease [mrd]), tumor dna, next-generation sequencing (ngs), using formalin-fixed paraffin-embedded (ffpe) tissue and blood samples, initial (baseline) assessment"
2026,0642U,,20260701,L,00000.00,Onc mrd tum dna ngs whl bld,"Oncology (minimal residual disease [mrd]), tumor dna, next-generation","Oncology (minimal residual disease [mrd]), tumor dna, next-generation sequencing (ngs), whole blood, comparison to previously performed analyses, reported as trend in circulating tumor dna (ctdna) level"
2026,0643U,,20260701,L,00000.00,Onc gu ca cfctdna 200gen ngs,"Oncology (genitourinary cancer), cell-free circulating tumor dna (ctdna), 200","Oncology (genitourinary cancer), cell-free circulating tumor dna (ctdna), 200 genes, next-generation sequencing (ngs), interrogation for single-nucleotide variants (snvs), insertions/deletions, gene rearrangements, copy number alterations, and tumor mutation burden, using urine, identify and report mutations with clinical actionability"
2026,0644U,,20260701,L,00000.00,Onc leukemia mrd baseline,"Oncology (leukemia), minimal residual disease (mrd) detection for","Oncology (leukemia), minimal residual disease (mrd) detection for rearrangements, blood or bone marrow, personalized assay design and baseline quantification"
2026,0645U,,20260701,L,00000.00,Onc leukemia mrd based dpcr,"Oncology (leukemia), minimal residual disease (mrd) detection for","Oncology (leukemia), minimal residual disease (mrd) detection for rearrangements, based on digital pcr, blood or bone marrow, reported as not detected or detected with estimated abundance"
2026,0646U,,20260701,L,00000.00,Onc mrds wgsa cfdna baseline,"Oncology (molecular residual disease), whole genome sequence analysis,","Oncology (molecular residual disease), whole genome sequence analysis, cell-free dna, whole blood, and formalin-fixed paraffin-embedded (ffpe) tumor tissue dna, baseline assessment"
2026,0647U,,20260701,L,00000.00,Onc mr ds wgsa cfdna ctdna,"Oncology (molecular residual disease), whole genome sequence analysis,","Oncology (molecular residual disease), whole genome sequence analysis, cell-free dna (cfdna), whole blood, assessment utilizing patient-specific tumor information, reported as negative or percent circulating tumor dna (ctdna)"
2026,0648U,,20260701,L,00000.00,Onc sol tum tgsa 42/10/18gen,"Oncology (solid tumor), targeted genomic sequencing analysis, to detect","Oncology (solid tumor), targeted genomic sequencing analysis, to detect deletions, insertions, and substitutions in 42 genes, copy number amplifications in 10 genes, and fusions and splice variants in 18 driver genes from dna and rna extracted from formalin-fixed paraffin-embedded (ffpe) tissue"
2026,0649U,,20260701,L,00000.00,Neuro alz ds dna ngs ad-1&2,"Neurology (alzheimer disease), dna, targeted next-generation sequencing (ngs)","Neurology (alzheimer disease), dna, targeted next-generation sequencing (ngs) of ad-1 and ad-2 target regions, whole blood, prognostic algorithmic analysis, reported as categorization of cognitive status"
2026,0650U,,20260701,L,00000.00,Rx metab advrs rxns&rspse 9,"Drug metabolism (adverse drug reactions and drug response), genotyping of 9","Drug metabolism (adverse drug reactions and drug response), genotyping of 9 genes (ie, cyp2d6, cyp2c19, g6pd, slco1b1, hla-b*58:01, nat2, cyp2c9, vkorc1, abcg2), reported as metabolizer status and transporter function"
2026,0651U,,20260701,L,00000.00,Onc hered ca 55gen ngs dmlpa,"Oncology (hereditary cancer), genomic dna, 55 hereditary cancer","Oncology (hereditary cancer), genomic dna, 55 hereditary cancer pre-dispositioned genes, next-generation sequencing (ngs) and digital multiplex ligation-dependent probe amplification for variants, small indels (<40 base pairs), using saliva, whole blood or nail clipping, interpretive clinical report with variant classification"
2026,0652U,,20260701,L,00000.00,Rx metab adverse dna alys 13,"Drug metabolism (adverse drug reactions), dna analysis of 13 genes by targeted","Drug metabolism (adverse drug reactions), dna analysis of 13 genes by targeted genotyping, using saliva or buccal swab, reported as diplotype and metabolizer status"
2026,0653U,,20260701,L,00000.00,Nfro inh kdn do dna 700gens,"Nephrology (inherited kidney disorders), dna, analysis of approximately 700","Nephrology (inherited kidney disorders), dna, analysis of approximately 700 genes associated with inherited kidney diseases by exome sequencing, using whole blood, saliva, or nail clipping, reported as an interpretive clinical report classifying pathogenic and likely pathogenic variants"
2026,0654U,,20260701,L,00000.00,Iem pmd 1nzm complex wb alys,"Inborn error of metabolism (primary mitochondrial disease), mitochondrial","Inborn error of metabolism (primary mitochondrial disease), mitochondrial analysis of 1 enzyme complex by western blot analysis, using cultured skin fibroblasts, diagnostic qualitative result"
2026,0655U,,20260701,L,00000.00,Iem pmd 1nzm complex sk asy,"Inborn error of metabolism (primary mitochondrial disease), mitochondrial","Inborn error of metabolism (primary mitochondrial disease), mitochondrial analysis of 1 enzyme complex by spectrophotometric kinetic assay, using cultured skin fibroblasts, diagnostic quantitative result"
2026,0656U,,20260701,L,00000.00,Iem pmd 1nzm complex radact,"Inborn error of metabolism (primary mitochondrial disease), mitochondrial","Inborn error of metabolism (primary mitochondrial disease), mitochondrial analysis of 1 enzyme complex by radioactive activity assay, using cultured skin fibroblasts, diagnostic quantitative result"
2026,0657U,,20260701,L,00000.00,Rare ds seq alys cmprtr nuc,"Rare diseases (constitutional/heritable disorders), rapid whole genome sequence","Rare diseases (constitutional/heritable disorders), rapid whole genome sequence analysis of comparator nuclear and mitochondrial dna by next-generation sequencing (ngs), using blood or buccal sample, relevant variants reported with proband results"
2026,0658U,,20260701,L,00000.00,Rare ds nuc&mitochdrl dna,"Rare diseases (constitutional/heritable disorders), rapid whole genome sequence","Rare diseases (constitutional/heritable disorders), rapid whole genome sequence analysis of nuclear and mitochondrial dna by next-generation sequencing (ngs) for single-nucleotide variants (snvs), insertions/deletions, copy number variants, uniparental disomy, and repeat expansions, using blood or buccal sample, identification and categorization of genetic variants"
2026,0659U,,20260701,L,00000.00,Rare ds ultrapid wgsalys dna,"Rare diseases (constitutional/heritable disorders), ultrarapid whole genome","Rare diseases (constitutional/heritable disorders), ultrarapid whole genome sequence analysis of nuclear and mitochondrial dna by next-generation sequencing (ngs) for single-nucleotide variants (snvs), insertions/deletions, copy number variants, uniparental disomy, and repeat expansions, using blood or buccal sample, identification and categorization of genetic variants"
2026,36415,,20260101,N,00009.34,Coll venous bld venipuncture,Insertion of needle into vein for collection of blood sample,Collection of venous blood by venipuncture
2026,78267,,20260101,N,00011.06,Urea breath tst c-14 acquisj,Nuclear medicine study to acquire exhaled breath samples,"Urea breath test, c-14 (isotopic); acquisition for analysis"
2026,78268,,20260101,N,00094.41,Urea breath test c-14 alys,Nuclear medicine study to assess exhaled breath samples,"Urea breath test, c-14 (isotopic); analysis"
2026,80047,,20260101,N,00013.73,Basic metablc pnl ionized ca,"Blood test, basic group of blood chemicals (Calcium, ionized)","Basic metabolic panel (calcium, ionized) this panel must include the following: calcium, ionized (82330) carbon dioxide (bicarbonate) (82374) chloride (82435) creatinine (82565) glucose (82947) potassium (84132) sodium (84295) urea nitrogen (bun) (84520)"
2026,80047,QW,20260101,N,00013.73,Basic metablc pnl ionized ca,"Blood test, basic group of blood chemicals (Calcium, ionized)","Basic metabolic panel (calcium, ionized) this panel must include the following: calcium, ionized (82330) carbon dioxide (bicarbonate) (82374) chloride (82435) creatinine (82565) glucose (82947) potassium (84132) sodium (84295) urea nitrogen (bun) (84520)"
2026,80048,,20260101,N,00008.46,Basic metabolic pnl total ca,"Blood test, basic group of blood chemicals (Calcium, total)","Basic metabolic panel (calcium, total) this panel must include the following: calcium, total (82310) carbon dioxide (bicarbonate) (82374) chloride (82435) creatinine (82565) glucose (82947) potassium (84132) sodium (84295) urea nitrogen (bun) (84520)"
2026,80048,QW,20260101,N,00008.46,Basic metabolic pnl total ca,"Blood test, basic group of blood chemicals (Calcium, total)","Basic metabolic panel (calcium, total) this panel must include the following: calcium, total (82310) carbon dioxide (bicarbonate) (82374) chloride (82435) creatinine (82565) glucose (82947) potassium (84132) sodium (84295) urea nitrogen (bun) (84520)"
2026,80051,,20260101,N,00007.01,Electrolyte panel,"Blood test panel for electrolytes (sodium potassium, chloride, carbon dioxide)",Electrolyte panel this panel must include the following: carbon dioxide (bicarbonate) (82374) chloride (82435) potassium (84132) sodium (84295)
2026,80051,QW,20260101,N,00007.01,Electrolyte panel,"Blood test panel for electrolytes (sodium potassium, chloride, carbon dioxide)",Electrolyte panel this panel must include the following: carbon dioxide (bicarbonate) (82374) chloride (82435) potassium (84132) sodium (84295)
2026,80053,,20260101,N,00010.56,Comprehen metabolic panel,"Blood test, comprehensive group of blood chemicals","Comprehensive metabolic panel this panel must include the following: albumin (82040) bilirubin, total (82247) calcium, total (82310) carbon dioxide (bicarbonate) (82374) chloride (82435) creatinine (82565) glucose (82947) phosphatase, alkaline (84075) potassium (84132) protein, total (84155) sodium (84295) transferase, alanine amino (alt) (sgpt) (84460) transferase, aspartate amino (ast) (sgot) (84450) urea nitrogen (bun) (84520)"
2026,80053,QW,20260101,N,00010.56,Comprehen metabolic panel,"Blood test, comprehensive group of blood chemicals","Comprehensive metabolic panel this panel must include the following: albumin (82040) bilirubin, total (82247) calcium, total (82310) carbon dioxide (bicarbonate) (82374) chloride (82435) creatinine (82565) glucose (82947) phosphatase, alkaline (84075) potassium (84132) protein, total (84155) sodium (84295) transferase, alanine amino (alt) (sgpt) (84460) transferase, aspartate amino (ast) (sgot) (84450) urea nitrogen (bun) (84520)"
2026,80055,,20260101,N,00047.81,Obstetric panel,Obstetric blood test panel,"Obstetric panel this panel must include the following: blood count, complete (cbc), automated and automated differential wbc count (85025 or 85027 and 85004) or blood count, complete (cbc), automated (85027) and appropriate manual differential wbc count (85007 or 85009) hepatitis b surface antigen (hbsag) (87340) antibody, rubella (86762) syphilis test, non-treponemal antibody; qualitative (eg, vdrl, rpr, art) (86592) antibody screen, rbc, each serum technique (86850) blood typing, abo (86900) and blood typing, rh (d) (86901)"
2026,80061,,20260101,N,00013.39,Lipid panel,"Blood test, lipids (cholesterol and triglycerides)","Lipid panel this panel must include the following: cholesterol, serum, total (82465) lipoprotein, direct measurement, high density cholesterol (hdl cholesterol) (83718) triglycerides (84478)"
2026,80061,QW,20260101,N,00013.39,Lipid panel,"Blood test, lipids (cholesterol and triglycerides)","Lipid panel this panel must include the following: cholesterol, serum, total (82465) lipoprotein, direct measurement, high density cholesterol (hdl cholesterol) (83718) triglycerides (84478)"
2026,80069,,20260101,N,00008.68,Renal function panel,Kidney function blood test panel,"Renal function panel this panel must include the following: albumin (82040) calcium, total (82310) carbon dioxide (bicarbonate) (82374) chloride (82435) creatinine (82565) glucose (82947) phosphorus inorganic (phosphate) (84100) potassium (84132) sodium (84295) urea nitrogen (bun) (84520)"
2026,80069,QW,20260101,N,00008.68,Renal function panel,Kidney function blood test panel,"Renal function panel this panel must include the following: albumin (82040) calcium, total (82310) carbon dioxide (bicarbonate) (82374) chloride (82435) creatinine (82565) glucose (82947) phosphorus inorganic (phosphate) (84100) potassium (84132) sodium (84295) urea nitrogen (bun) (84520)"
2026,80074,,20260101,N,00047.63,Acute hepatitis panel,Acute hepatitis panel,"Acute hepatitis panel this panel must include the following: hepatitis a antibody (haab), igm antibody (86709) hepatitis b core antibody (hbcab), igm antibody (86705) hepatitis b surface antigen (hbsag) (87340) hepatitis c antibody (86803)"
2026,80076,,20260101,N,00008.17,Hepatic function panel,Liver function blood test panel,"Hepatic function panel this panel must include the following: albumin (82040) bilirubin, total (82247) bilirubin, direct (82248) phosphatase, alkaline (84075) protein, total (84155) transferase, alanine amino (alt) (sgpt) (84460) transferase, aspartate amino (ast) (sgot) (84450)"
2026,80081,,20260101,N,00074.86,Obstetric panel inc hiv tstg,"Blood test panel for obstetrics ( cbc, differential wbc count, hepatitis b,","Obstetric panel (includes hiv testing) this panel must include the following: blood count, complete (cbc), and automated differential wbc count (85025 or 85027 and 85004) or blood count, complete (cbc), automated (85027) and appropriate manual differential wbc count (85007 or 85009) hepatitis b surface antigen (hbsag) (87340) hiv-1 antigen(s), with hiv-1 and hiv-2 antibodies, single result (87389) antibody, rubella (86762) syphilis test, non-treponemal antibody; qualitative (eg, vdrl, rpr, art) (86592) antibody screen, rbc, each serum technique (86850) blood typing, abo (86900) and blood typing, rh (d) (86901)"
2026,80143,,20260101,N,00018.64,Drug assay acetaminophen,Measurement of acetaminophen,Acetaminophen
2026,80145,,20260101,N,00038.57,Drug assay adalimumab,Measurement of adalimumab,Adalimumab
2026,80150,,20260101,N,00015.08,Assay of amikacin,Amikacin (antibiotic) level,Amikacin
2026,80151,,20260101,N,00018.64,Drug assay amiodarone,Measurement of amiodarone,Amiodarone
2026,80155,,20260101,N,00038.57,Drug assay caffeine,Caffeine level,Caffeine
2026,80156,,20260101,N,00014.57,Assay carbamazepine total,"Carbamazepine level, total",Carbamazepine; total
2026,80157,,20260101,N,00013.25,Assay carbamazepine free,"Carbamazepine level, free",Carbamazepine; free
2026,80158,,20260101,N,00018.05,Drug assay cyclosporine,Cyclosporine level,Cyclosporine
2026,80159,,20260101,N,00020.15,Drug assay clozapine,Clozapine level,Clozapine
2026,80161,,20260101,N,00018.64,"Asy carbamazepin 10,11-epxid","Measurement of carbamazepine-10,11-epoxide","Carbamazepine; -10,11-epoxide"
2026,80162,,20260101,N,00013.28,Assay of digoxin total,"Digoxin level, total",Digoxin; total
2026,80163,,20260101,N,00013.28,Assay of digoxin free,"Digoxin level, free",Digoxin; free
2026,80164,,20260101,N,00013.54,Assay dipropylacetic acd tot,"Valproic acid level, total",Valproic acid (dipropylacetic acid); total
2026,80165,,20260101,N,00013.54,Dipropylacetic acid free,"Valproic acid level, free",Valproic acid (dipropylacetic acid); free
2026,80167,,20260101,N,00018.64,Drug assay felbamate,Measurement of felbamate,Felbamate
2026,80168,,20260101,N,00016.34,Assay of ethosuximide,Ethosuximide level,Ethosuximide
2026,80169,,20260101,N,00013.73,Drug assay everolimus,Everolimus level,Everolimus
2026,80170,,20260101,N,00016.38,Assay of gentamicin,Gentamicin (antibiotic) level,Gentamicin
2026,80171,,20260101,N,00021.67,Drug screen quant gabapentin,Gabapentin level,"Gabapentin, whole blood, serum, or plasma"
2026,80173,,20260101,N,00015.78,Assay of haloperidol,Haloperidol level,Haloperidol
2026,80175,,20260101,N,00013.25,Drug screen quan lamotrigine,Lamotrigine level,Lamotrigine
2026,80176,,20260101,N,00014.69,Assay of lidocaine,Lidocaine level,Lidocaine
2026,80177,,20260101,N,00013.25,Drug scrn quan levetiracetam,Levetiracetam level,Levetiracetam
2026,80178,,20260101,N,00006.61,Assay of lithium,Lithium level,Lithium
2026,80178,QW,20260101,N,00006.61,Assay of lithium,Lithium level,Lithium
2026,80179,,20260101,N,00018.64,Drug assay salicylate,Measurement of salicylate,Salicylate
2026,80180,,20260101,N,00018.05,Drug scrn quan mycophenolate,Mycophenolate (mycophenolic acid) level,Mycophenolate (mycophenolic acid)
2026,80181,,20260101,N,00018.64,Drug assay flecainide,Measurement of flecainide,Flecainide
2026,80183,,20260101,N,00013.25,Drug scrn quant oxcarbazepin,Oxcarbazepine level,Oxcarbazepine
2026,80184,,20260101,N,00015.30,Assay of phenobarbital,Phenobarbital level,Phenobarbital
2026,80185,,20260101,N,00013.25,Assay of phenytoin total,"Phenytoin level, total",Phenytoin; total
2026,80186,,20260101,N,00013.76,Assay of phenytoin free,"Phenytoin level, free",Phenytoin; free
2026,80187,,20260101,N,00027.11,Drug assay posaconazole,Measurement of posaconazole,Posaconazole
2026,80188,,20260101,N,00016.59,Assay of primidone,Primidone level,Primidone
2026,80189,,20260101,N,00027.11,Drug assay itraconazole,Measurement of itraconazole,Itraconazole
2026,80190,,20260101,N,00060.00,Assay of procainamide,Procainamide level,Procainamide;
2026,80192,,20260101,N,00016.75,Assay of procainamide,"Procainamide level, with metabolites","Procainamide; with metabolites (eg, n-acetyl procainamide)"
2026,80193,,20260101,N,00038.57,Drug assay leflunomide,Measurement of leflunomide,Leflunomide
2026,80194,,20260101,N,00014.60,Assay of quinidine,Quinidine level,Quinidine
2026,80195,,20260101,N,00013.73,Assay of sirolimus,Sirolimus level,Sirolimus
2026,80197,,20260101,N,00013.73,Assay of tacrolimus,Tacrolimus level,Tacrolimus
2026,80198,,20260101,N,00014.14,Assay of theophylline,Theophylline level,Theophylline
2026,80199,,20260101,N,00027.11,Drug screen quant tiagabine,Tiagabine level,Tiagabine
2026,80200,,20260101,N,00016.13,Assay of tobramycin,Tobramycin (antibiotic) level,Tobramycin
2026,80201,,20260101,N,00011.92,Assay of topiramate,Topiramate level,Topiramate
2026,80202,,20260101,N,00013.54,Assay of vancomycin,Vancomycin (antibiotic) level,Vancomycin
2026,80203,,20260101,N,00013.25,Drug screen quant zonisamide,Zonisamide level,Zonisamide
2026,80204,,20260101,N,00038.57,Drug assay methotrexate,Measurement of methotrexate,Methotrexate
2026,80210,,20260101,N,00027.11,Drug assay rufinamide,Measurement of rufinamide,Rufinamide
2026,80220,,20260101,N,00018.64,Drug asy hydroxychloroquine,Measurement of hydroxychloroquine,Hydroxychloroquine
2026,80230,,20260101,N,00038.57,Drug assay infliximab,Measurement of infliximab,Infliximab
2026,80235,,20260101,N,00027.11,Drug assay lacosamide,Measurement of lacosamide,Lacosamide
2026,80280,,20260101,N,00038.57,Drug assay vedolizumab,Measurement of vedolizumab,Vedolizumab
2026,80285,,20260101,N,00027.11,Drug assay voriconazole,Measurement of voriconazole,Voriconazole
2026,80299,,20260101,N,00018.64,Quantitative assay drug,Quantitation of therapeutic drug,"Quantitation of therapeutic drug, not elsewhere specified"
2026,80305,,20260101,N,00012.60,Drug test prsmv dir opt obs,"Testing for presence of drug, read by direct observation","Drug test(s), presumptive, any number of drug classes, any number of devices or procedures; capable of being read by direct optical observation only (eg, utilizing immunoassay [eg, dipsticks, cups, cards, or cartridges]), includes sample validation when performed, per date of service"
2026,80305,QW,20260101,N,00012.60,Drug test prsmv dir opt obs,"Testing for presence of drug, read by direct observation","Drug test(s), presumptive, any number of drug classes, any number of devices or procedures; capable of being read by direct optical observation only (eg, utilizing immunoassay [eg, dipsticks, cups, cards, or cartridges]), includes sample validation when performed, per date of service"
2026,80306,,20260101,N,00017.14,Drug test prsmv instrmnt,"Testing for presence of drug, read by instrument assisted observation","Drug test(s), presumptive, any number of drug classes, any number of devices or procedures; read by instrument assisted direct optical observation (eg, utilizing immunoassay [eg, dipsticks, cups, cards, or cartridges]), includes sample validation when performed, per date of service"
2026,80307,,20260101,N,00062.14,Drug test prsmv chem anlyzr,"Testing for presence of drug, by chemistry analyzers","Drug test(s), presumptive, any number of drug classes, any number of devices or procedures; by instrument chemistry analyzers (eg, utilizing immunoassay [eg, eia, elisa, emit, fpia, ia, kims, ria]), chromatography (eg, gc, hplc), and mass spectrometry either with or without chromatography, (eg, dart, desi, gc-ms, gc-ms/ms, lc-ms, lc-ms/ms, ldtd, maldi, tof) includes sample validation when performed, per date of service"
2026,80400,,20260101,N,00032.62,Acth stimulation panel,Hormonal panel for adrenal gland assessment (adrenal gland insufficiency),Acth stimulation panel; for adrenal insufficiency this panel must include the following: cortisol (82533 x 2)
2026,80402,,20260101,N,00086.96,Acth stimulation panel,Hormone panel for adrenal gland assessment (21 hydroxylase deficiency),Acth stimulation panel; for 21 hydroxylase deficiency this panel must include the following: cortisol (82533 x 2) 17 hydroxyprogesterone (83498 x 2)
2026,80406,,20260101,N,00078.26,Acth stimulation panel,Hormone panel adrenal gland assessment (3 beta-hydroxydehydrogenase deficiency),Acth stimulation panel; for 3 beta-hydroxydehydrogenase deficiency this panel must include the following: cortisol (82533 x 2) 17 hydroxypregnenolone (84143 x 2)
2026,80408,,20260101,N,00125.50,Aldosterone suppression eval,Aldosterone suppression evaluation panel,"Aldosterone suppression evaluation panel (eg, saline infusion) this panel must include the following: aldosterone (82088 x 2) renin (84244 x 2)"
2026,80410,,20260101,N,00080.37,Calcitonin stimul panel,Calcitonin stimulation panel,"Calcitonin stimulation panel (eg, calcium, pentagastrin) this panel must include the following: calcitonin (82308 x 3)"
2026,80412,,20260101,N,00801.62,Crh stimulation panel,Adrenal gland stimulation panel,Corticotropic releasing hormone (crh) stimulation panel this panel must include the following: cortisol (82533 x 6) adrenocorticotropic hormone (acth) (82024 x 6)
2026,80414,,20260101,N,00051.64,Testosterone response panel,Reproductive hormone panel (testosterone),Chorionic gonadotropin stimulation panel; testosterone response this panel must include the following: testosterone (84403 x 2 on 3 pooled blood samples)
2026,80415,,20260101,N,00055.89,Tot estradiol response panel,Reproductive hormone panel (estradiol),"Chorionic gonadotropin stimulation panel; estradiol response this panel must include the following: estradiol, total (82670 x 2 on 3 pooled blood samples)"
2026,80416,,20260101,N,00209.32,Renin stimulation panel,Renal vein renin (kidney enzyme) stimulation panel,"Renal vein renin stimulation panel (eg, captopril) this panel must include the following: renin (84244 x 6)"
2026,80417,,20260101,N,00043.99,Renin stimulation panel,Peripheral vein renin (kidney enzyme) stimulation panel,"Peripheral vein renin stimulation panel (eg, captopril) this panel must include the following: renin (84244 x 2)"
2026,80418,,20260101,N,00579.48,Pituitary evaluation panel,Anterior pituitary gland evaluation panel,Combined rapid anterior pituitary evaluation panel this panel must include the following: adrenocorticotropic hormone (acth) (82024 x 4) luteinizing hormone (lh) (83002 x 4) follicle stimulating hormone (fsh) (83001 x 4) prolactin (84146 x 4) human growth hormone (hgh) (83003 x 4) cortisol (82533 x 4) thyroid stimulating hormone (tsh) (84443 x 4)
2026,80420,,20260101,N,00161.88,Dexamethasone panel,"Dexamethasone (steroid) suppression evaluation panel, 48 hour","Dexamethasone suppression panel, 48 hour this panel must include the following: free cortisol, urine (82530 x 2) cortisol (82533 x 2) volume measurement for timed collection (81050 x 2)"
2026,80422,,20260101,N,00046.07,Glucagon tolerance panel,Glucagon (hormone) tolerance panel to evaluate for insulinoma (pancreatic tumor),Glucagon tolerance panel; for insulinoma this panel must include the following: glucose (82947 x 3) insulin (83525 x 3)
2026,80424,,20260101,N,00050.50,Glucagon tolerance panel,Glucagon (hormone) tolerance panel to evaluate for pheochromocytoma (adrenal,"Glucagon tolerance panel; for pheochromocytoma this panel must include the following: catecholamines, fractionated (82384 x 2)"
2026,80426,,20260101,N,00148.41,Gonadotropin hormone panel,Gonadotropin releasing hormone (reproductive hormone) panel,Gonadotropin releasing hormone stimulation panel this panel must include the following: follicle stimulating hormone (fsh) (83001 x 4) luteinizing hormone (lh) (83002 x 4)
2026,80428,,20260101,N,00066.70,Growth hormone panel,Growth hormone stimulation panel,"Growth hormone stimulation panel (eg, arginine infusion, l-dopa administration) this panel must include the following: human growth hormone (hgh) (83003 x 4)"
2026,80430,,20260101,N,00129.33,Growth hormone panel,Growth hormone suppression panel,Growth hormone suppression panel (glucose administration) this panel must include the following: glucose (82947 x 3) human growth hormone (hgh) (83003 x 4)
2026,80432,,20260101,N,00165.61,Insulin suppression panel,Insulin-induced C-peptide (protein) suppression panel,Insulin-induced c-peptide suppression panel this panel must include the following: insulin (83525) c-peptide (84681 x 5) glucose (82947 x 5)
2026,80434,,20260101,N,00285.03,Insulin tolerance panel,Insulin tolerance panel for ACTH (adrenal gland hormone) insufficiency,Insulin tolerance panel; for acth insufficiency this panel must include the following: cortisol (82533 x 5) glucose (82947 x 5)
2026,80435,,20260101,N,00103.00,Insulin tolerance panel,Insulin tolerance panel for growth hormone deficiency,Insulin tolerance panel; for growth hormone deficiency this panel must include the following: glucose (82947 x 5) human growth hormone (hgh) (83003 x 5)
2026,80436,,20260101,N,00091.16,Metyrapone panel,Metyrapone (hormone antibody) panel,Metyrapone panel this panel must include the following: cortisol (82533 x 2) 11 deoxycortisol (82634 x 2)
2026,80438,,20260101,N,00050.41,Trh stimulation panel,"Thyrotropin releasing hormone (TRH) (hypothalamus hormone) stimulation panel, 1",Thyrotropin releasing hormone (trh) stimulation panel; 1 hour this panel must include the following: thyroid stimulating hormone (tsh) (84443 x 3)
2026,80439,,20260101,N,00067.21,Trh stimulation panel,"Thyrotropin releasing hormone (TRH) (hypothalamus hormone) stimulation panel, 2",Thyrotropin releasing hormone (trh) stimulation panel; 2 hour this panel must include the following: thyroid stimulating hormone (tsh) (84443 x 4)
2026,81000,,20260101,N,00004.02,Urinalysis nonauto w/scope,"Manual urinalysis test with examination using microscope, non-automated","Urinalysis, by dip stick or tablet reagent for bilirubin, glucose, hemoglobin, ketones, leukocytes, nitrite, ph, protein, specific gravity, urobilinogen, any number of these constituents; non-automated, with microscopy"
2026,81001,,20260101,N,00003.17,Urinalysis auto w/scope,"Manual urinalysis test with examination using microscope, automated","Urinalysis, by dip stick or tablet reagent for bilirubin, glucose, hemoglobin, ketones, leukocytes, nitrite, ph, protein, specific gravity, urobilinogen, any number of these constituents; automated, with microscopy"
2026,81002,,20260101,N,00003.48,Urinalysis nonauto w/o scope,"Urinalysis, manual test","Urinalysis, by dip stick or tablet reagent for bilirubin, glucose, hemoglobin, ketones, leukocytes, nitrite, ph, protein, specific gravity, urobilinogen, any number of these constituents; non-automated, without microscopy"
2026,81003,,20260101,N,00002.25,Urinalysis auto w/o scope,Automated urinalysis test,"Urinalysis, by dip stick or tablet reagent for bilirubin, glucose, hemoglobin, ketones, leukocytes, nitrite, ph, protein, specific gravity, urobilinogen, any number of these constituents; automated, without microscopy"
2026,81003,QW,20260101,N,00002.25,Urinalysis auto w/o scope,Automated urinalysis test,"Urinalysis, by dip stick or tablet reagent for bilirubin, glucose, hemoglobin, ketones, leukocytes, nitrite, ph, protein, specific gravity, urobilinogen, any number of these constituents; automated, without microscopy"
2026,81005,,20260101,N,00002.17,Urinalysis,"Analysis of urine, except immunoassays","Urinalysis; qualitative or semiquantitative, except immunoassays"
2026,81007,,20260101,N,00029.98,Urine screen for bacteria,Urinalysis for bacteria,"Urinalysis; bacteriuria screen, except by culture or dipstick"
2026,81007,QW,20260101,N,00029.98,Urine screen for bacteria,Urinalysis for bacteria,"Urinalysis; bacteriuria screen, except by culture or dipstick"
2026,81015,,20260101,N,00003.05,Microscopic exam of urine,Urinalysis using microscope,Urinalysis; microscopic only
2026,81020,,20260101,N,00004.70,Urinalysis glass test,"Urinalysis, 2 or 3 glass test",Urinalysis; 2 or 3 glass test
2026,81025,,20260101,N,00008.61,Urine pregnancy test,Urine pregnancy test,"Urine pregnancy test, by visual color comparison methods"
2026,81050,,20260101,N,00003.64,Urinalysis volume measure,Urine volume measurement,"Volume measurement for timed collection, each"
2026,81105,,20260101,N,00122.22,Hpa-1 genotyping,Gene analysis (Human Platelet Antigen 1) for common variant,"Human platelet antigen 1 genotyping (hpa-1), itgb3 (integrin, beta 3 [platelet glycoprotein iiia], antigen cd61 [gpiiia]) (eg, neonatal alloimmune thrombocytopenia [nait], post-transfusion purpura), gene analysis, common variant, hpa-1a/b (l33p)"
2026,81106,,20260101,N,00122.22,Hpa-2 genotyping,Gene analysis (Human Platelet Antigen 2) for common variant,"Human platelet antigen 2 genotyping (hpa-2), gp1ba (glycoprotein ib [platelet], alpha polypeptide [gpiba]) (eg, neonatal alloimmune thrombocytopenia [nait], post-transfusion purpura), gene analysis, common variant, hpa-2a/b (t145m)"
2026,81107,,20260101,N,00122.22,Hpa-3 genotyping,Gene analysis (Human Platelet Antigen 3) for common variant,"Human platelet antigen 3 genotyping (hpa-3), itga2b (integrin, alpha 2b [platelet glycoprotein iib of iib/iiia complex], antigen cd41 [gpiib]) (eg, neonatal alloimmune thrombocytopenia [nait], post-transfusion purpura), gene analysis, common variant, hpa-3a/b (i843s)"
2026,81108,,20260101,N,00122.22,Hpa-4 genotyping,Gene analysis (Human Platelet Antigen 4) for common variant,"Human platelet antigen 4 genotyping (hpa-4), itgb3 (integrin, beta 3 [platelet glycoprotein iiia], antigen cd61 [gpiiia]) (eg, neonatal alloimmune thrombocytopenia [nait], post-transfusion purpura), gene analysis, common variant, hpa-4a/b (r143q)"
2026,81109,,20260101,N,00122.22,Hpa-5 genotyping,Gene analysis (Human Platelet Antigen 5) for common variant,"Human platelet antigen 5 genotyping (hpa-5), itga2 (integrin, alpha 2 [cd49b, alpha 2 subunit of vla-2 receptor] [gpia]) (eg, neonatal alloimmune thrombocytopenia [nait], post-transfusion purpura), gene analysis, common variant (eg, hpa-5a/b [k505e])"
2026,81110,,20260101,N,00122.22,Hpa-6 genotyping,Gene analysis (Human Platelet Antigen 6) for common variant,"Human platelet antigen 6 genotyping (hpa-6w), itgb3 (integrin, beta 3 [platelet glycoprotein iiia, antigen cd61] [gpiiia]) (eg, neonatal alloimmune thrombocytopenia [nait], post-transfusion purpura), gene analysis, common variant, hpa-6a/b (r489q)"
2026,81111,,20260101,N,00122.22,Hpa-9 genotyping,Gene analysis (Human Platelet Antigen 9) for common variant,"Human platelet antigen 9 genotyping (hpa-9w), itga2b (integrin, alpha 2b [platelet glycoprotein iib of iib/iiia complex, antigen cd41] [gpiib]) (eg, neonatal alloimmune thrombocytopenia [nait], post-transfusion purpura), gene analysis, common variant, hpa-9a/b (v837m)"
2026,81112,,20260101,N,00122.22,Hpa-15 genotyping,Gene analysis (Human Platelet Antigen 15) for common variant,"Human platelet antigen 15 genotyping (hpa-15), cd109 (cd109 molecule) (eg, neonatal alloimmune thrombocytopenia [nait], post-transfusion purpura), gene analysis, common variant, hpa-15a/b (s682y)"
2026,81120,,20260101,N,00193.25,Idh1 common variants,"Gene analysis (isocitrate dehydrogenase 1 [NADP+], soluble) for common variants","Idh1 (isocitrate dehydrogenase 1 [nadp+], soluble) (eg, glioma), common variants (eg, r132h, r132c)"
2026,81121,,20260101,N,00295.79,Idh2 common variants,"Gene analysis (isocitrate dehydrogenase 2 [NADP+], mitochondrial) for common","Idh2 (isocitrate dehydrogenase 2 [nadp+], mitochondrial) (eg, glioma), common variants (eg, r140w, r172m)"
2026,81161,,20260101,N,00279.00,Dmd dup/delet analysis,Gene analysis (dystrophin),"Dmd (dystrophin) (eg, duchenne/becker muscular dystrophy) deletion analysis, and duplication analysis, if performed"
2026,81162,,20260101,N,01824.88,Brca1&2 gen full seq dup/del,Gene analysis (breast cancer 1 and 2) of full sequence and analysis for,"Brca1 (brca1, dna repair associated), brca2 (brca2, dna repair associated) (eg, hereditary breast and ovarian cancer) gene analysis; full sequence analysis and full duplication/deletion analysis (ie, detection of large gene rearrangements)"
2026,81163,,20260101,N,00468.00,Brca1&2 gene full seq alys,Gene analysis (breast cancer 1 and 2) of full sequence,"Brca1 (brca1, dna repair associated), brca2 (brca2, dna repair associated) (eg, hereditary breast and ovarian cancer) gene analysis; full sequence analysis"
2026,81164,,20260101,N,00584.23,Brca1&2 gen ful dup/del alys,Gene analysis (breast cancer 1 and 2) for duplication or deletion variants,"Brca1 (brca1, dna repair associated), brca2 (brca2, dna repair associated) (eg, hereditary breast and ovarian cancer) gene analysis; full duplication/deletion analysis (ie, detection of large gene rearrangements)"
2026,81165,,20260101,N,00282.88,Brca1 gene full seq alys,Gene analysis (breast cancer 1) of full sequence,"Brca1 (brca1, dna repair associated) (eg, hereditary breast and ovarian cancer) gene analysis; full sequence analysis"
2026,81166,,20260101,N,00301.35,Brca1 gene full dup/del alys,Gene analysis (breast cancer 1) for duplication or deletion variants,"Brca1 (brca1, dna repair associated) (eg, hereditary breast and ovarian cancer) gene analysis; full duplication/deletion analysis (ie, detection of large gene rearrangements)"
2026,81167,,20260101,N,00282.88,Brca2 gene full dup/del alys,Gene analysis (breast cancer 2) for duplication or deletion variants,"Brca2 (brca2, dna repair associated) (eg, hereditary breast and ovarian cancer) gene analysis; full duplication/deletion analysis (ie, detection of large gene rearrangements)"
2026,81168,,20260101,N,00207.31,Ccnd1/igh translocation alys,Gene analysis (CCND1/IGH (t(11;14))) translocation analysis,"Ccnd1/igh (t(11;14)) (eg, mantle cell lymphoma) translocation analysis, major breakpoint, qualitative and quantitative, if performed"
2026,81170,,20260101,N,00300.00,Abl1 gene,"Gene analysis (ABL proto-oncogene 1, non-receptor tyrosine kinase)","Abl1 (abl proto-oncogene 1, non-receptor tyrosine kinase) (eg, acquired imatinib tyrosine kinase inhibitor resistance), gene analysis, variants in the kinase domain"
2026,81171,,20260101,N,00137.00,Aff2 gen aly detc abnl allel,Gene analysis (fragile X intellectual disability 2) for detection of abnormal,"Aff2 (alf transcription elongation factor 2 [fmr2]) (eg, fragile x intellectual disability 2 [fraxe]) gene analysis; evaluation to detect abnormal (eg, expanded) alleles"
2026,81172,,20260101,N,00274.83,Aff2 gen alys charac alleles,Gene analysis (fragile X intellectual disability 2) for characterization of,"Aff2 (alf transcription elongation factor 2 [fmr2]) (eg, fragile x intellectual disability 2 [fraxe]) gene analysis; characterization of alleles (eg, expanded size and methylation status)"
2026,81173,,20260101,N,00301.35,Ar gene full gene sequence,Gene analysis (androgen receptor) of full sequence,"Ar (androgen receptor) (eg, spinal and bulbar muscular atrophy, kennedy disease, x chromosome inactivation) gene analysis; full gene sequence"
2026,81174,,20260101,N,00185.20,Ar gene known famil variant,Gene analysis (androgen receptor) for known familial variant,"Ar (androgen receptor) (eg, spinal and bulbar muscular atrophy, kennedy disease, x chromosome inactivation) gene analysis; known familial variant"
2026,81175,,20260101,N,00676.50,Asxl1 full gene sequence,"Gene analysis (additional sex combs like 1, transcriptional regulator) full","Asxl1 (additional sex combs like 1, transcriptional regulator) (eg, myelodysplastic syndrome, myeloproliferative neoplasms, chronic myelomonocytic leukemia), gene analysis; full gene sequence"
2026,81176,,20260101,N,00241.90,Asxl1 gene target seq alys,"Gene analysis (additional sex combs like 1, transcriptional regulator) targeted","Asxl1 (additional sex combs like 1, transcriptional regulator) (eg, myelodysplastic syndrome, myeloproliferative neoplasms, chronic myelomonocytic leukemia), gene analysis; targeted sequence analysis (eg, exon 12)"
2026,81177,,20260101,N,00137.00,Atn1 gene detc abnor alleles,Gene analysis (atropin 1) for abnormal alleles,"Atn1 (atrophin 1) (eg, dentatorubral-pallidoluysian atrophy) gene analysis, evaluation to detect abnormal (eg, expanded) alleles"
2026,81178,,20260101,N,00137.00,Atxn1 gene detc abnor allele,Gene analysis (ataxin 1) for abnormal alleles,"Atxn1 (ataxin 1) (eg, spinocerebellar ataxia) gene analysis, evaluation to detect abnormal (eg, expanded) alleles"
2026,81179,,20260101,N,00137.00,Atxn2 gene detc abnor allele,Gene analysis (ataxin 2) for abnormal alleles,"Atxn2 (ataxin 2) (eg, spinocerebellar ataxia) gene analysis, evaluation to detect abnormal (eg, expanded) alleles"
2026,81180,,20260101,N,00137.00,Atxn3 gene detc abnor allele,Gene analysis (ataxin 3) for abnormal alleles,"Atxn3 (ataxin 3) (eg, spinocerebellar ataxia, machado-joseph disease) gene analysis, evaluation to detect abnormal (eg, expanded) alleles"
2026,81181,,20260101,N,00137.00,Atxn7 gene detc abnor allele,Gene analysis (ataxin 7) for abnormal alleles,"Atxn7 (ataxin 7) (eg, spinocerebellar ataxia) gene analysis, evaluation to detect abnormal (eg, expanded) alleles"
2026,81182,,20260101,N,00137.00,Atxn8os gen detc abnor allel,Gene analysis (ataxin 8 opposite strand [non-protein coding]) for abnormal,"Atxn8os (atxn8 opposite strand [non-protein coding]) (eg, spinocerebellar ataxia) gene analysis, evaluation to detect abnormal (eg, expanded) alleles"
2026,81183,,20260101,N,00137.00,Atxn10 gene detc abnor allel,Gene analysis (ataxin 10) for abnormal alleles,"Atxn10 (ataxin 10) (eg, spinocerebellar ataxia) gene analysis, evaluation to detect abnormal (eg, expanded) alleles"
2026,81184,,20260101,N,00137.00,Cacna1a gen detc abnor allel,Gene analysis (calcium voltage-gated channel subunit alpha1 A) for abnormal,"Cacna1a (calcium voltage-gated channel subunit alpha1 a) (eg, spinocerebellar ataxia) gene analysis; evaluation to detect abnormal (eg, expanded) alleles"
2026,81185,,20260101,N,00846.27,Cacna1a gene full gene seq,Gene analysis (calcium voltage-gated channel subunit alpha1 A) of full sequence,"Cacna1a (calcium voltage-gated channel subunit alpha1 a) (eg, spinocerebellar ataxia) gene analysis; full gene sequence"
2026,81186,,20260101,N,00185.20,Cacna1a gen known famil vrnt,Gene analysis (calcium voltage-gated channel subunit alpha1 A) for known,"Cacna1a (calcium voltage-gated channel subunit alpha1 a) (eg, spinocerebellar ataxia) gene analysis; known familial variant"
2026,81187,,20260101,N,00137.00,Cnbp gene detc abnor allele,Gene analysis (CCH-type zinc finger nucleic acid binding protein) for abnormal,"Cnbp (cchc-type zinc finger nucleic acid binding protein) (eg, myotonic dystrophy type 2) gene analysis, evaluation to detect abnormal (eg, expanded) alleles"
2026,81188,,20260101,N,00137.00,Cstb gene detc abnor allele,Gene analysis (cystatin B) for abnormal alleles,"Cstb (cystatin b) (eg, unverricht-lundborg disease) gene analysis; evaluation to detect abnormal (eg, expanded) alleles"
2026,81189,,20260101,N,00274.83,Cstb gene full gene sequence,Gene analysis (cystatin B) of full sequence,"Cstb (cystatin b) (eg, unverricht-lundborg disease) gene analysis; full gene sequence"
2026,81190,,20260101,N,00185.20,Cstb gene known famil vrnt,Gene analysis (cystatin B) for known familial variants,"Cstb (cystatin b) (eg, unverricht-lundborg disease) gene analysis; known familial variant(s)"
2026,81191,,20260101,N,00207.31,Ntrk1 translocation analysis,Gene analysis (neurotrophic receptor tyrosine kinase 1) translocation analysis,"Ntrk1 (neurotrophic receptor tyrosine kinase 1) (eg, solid tumors) translocation analysis"
2026,81192,,20260101,N,00207.31,Ntrk2 translocation analysis,Gene analysis (neurotrophic receptor tyrosine kinase 2) translocation analysis,"Ntrk2 (neurotrophic receptor tyrosine kinase 2) (eg, solid tumors) translocation analysis"
2026,81193,,20260101,N,00207.31,Ntrk3 translocation analysis,Gene analysis (neurotrophic receptor tyrosine kinase 3) translocation analysis,"Ntrk3 (neurotrophic receptor tyrosine kinase 3) (eg, solid tumors) translocation analysis"
2026,81194,,20260101,N,00518.28,Ntrk translocation analysis,"Gene analysis (neurotrophic receptor tyrosine kinase 1, 2, and 3) translocation","Ntrk (neurotrophic receptor tyrosine kinase 1, 2, and 3) (eg, solid tumors) translocation analysis"
2026,81195,,20260101,N,01863.22,Cytog genom-wid alys hem mal,Optical genome mapping for hematologic malignancy,"Cytogenomic (genome-wide) analysis, hematologic malignancy, structural variants and copy number variants, optical genome mapping (ogm)"
2026,81200,,20260101,N,00047.25,Aspa gene,Gene analysis (aspartoacylase),"Aspa (aspartoacylase) (eg, canavan disease) gene analysis, common variants (eg, e285a, y231x)"
2026,81201,,20260101,N,00780.00,Apc gene full sequence,"Gene analysis (adenomatous polyposis coli), full gene sequence","Apc (adenomatous polyposis coli) (eg, familial adenomatosis polyposis [fap], attenuated fap) gene analysis; full gene sequence"
2026,81202,,20260101,N,00280.00,Apc gene known fam variants,"Gene analysis (adenomatous polyposis coli), known familial variants","Apc (adenomatous polyposis coli) (eg, familial adenomatosis polyposis [fap], attenuated fap) gene analysis; known familial variants"
2026,81203,,20260101,N,00200.00,Apc gene dup/delet variants,"Gene analysis (adenomatous polyposis coli), duplication or deletion variants","Apc (adenomatous polyposis coli) (eg, familial adenomatosis polyposis [fap], attenuated fap) gene analysis; duplication/deletion variants"
2026,81204,,20260101,N,00137.00,Ar gene charac alleles,Gene analysis (androgen receptor) for characterization of alleles,"Ar (androgen receptor) (eg, spinal and bulbar muscular atrophy, kennedy disease, x chromosome inactivation) gene analysis; characterization of alleles (eg, expanded size or methylation status)"
2026,81205,,20260101,N,00094.99,Bckdhb gene,"Gene analysis (branched-chain keto acid dehydrogenase E1, beta polypeptide)","Bckdhb (branched-chain keto acid dehydrogenase e1, beta polypeptide) (eg, maple syrup urine disease) gene analysis, common variants (eg, r183p, g278s, e422x)"
2026,81206,,20260101,N,00163.96,Bcr/abl1 gene major bp,Translocation analysis (BCR/ABL1) major breakpoint,"Bcr/abl1 (t(9;22)) (eg, chronic myelogenous leukemia) translocation analysis; major breakpoint, qualitative or quantitative"
2026,81207,,20260101,N,00144.84,Bcr/abl1 gene minor bp,Translocation analysis (BCR/ABL1) minor breakpoint,"Bcr/abl1 (t(9;22)) (eg, chronic myelogenous leukemia) translocation analysis; minor breakpoint, qualitative or quantitative"
2026,81208,,20260101,N,00214.62,Bcr/abl1 gene other bp,Translocation analysis (BCR/ABL1) other breakpoint,"Bcr/abl1 (t(9;22)) (eg, chronic myelogenous leukemia) translocation analysis; other breakpoint, qualitative or quantitative"
2026,81209,,20260101,N,00039.31,Blm gene,"Gene analysis (Bloom syndrome, RecQ helicase-like)","Blm (bloom syndrome, recq helicase-like) (eg, bloom syndrome) gene analysis, 2281del6ins7 variant"
2026,81210,,20260101,N,00175.40,Braf gene,Gene analysis (v-raf murine sarcoma viral oncogene homolog B1),"Braf (b-raf proto-oncogene, serine/threonine kinase) (eg, colon cancer, melanoma), gene analysis, v600 variant(s)"
2026,81212,,20260101,N,00440.00,Brca1&2 185&5385&6174 vrnt,"Gene analysis (breast cancer 1 and 2) for 185delAG, 5385insC, 6174delT variants","Brca1 (brca1, dna repair associated), brca2 (brca2, dna repair associated) (eg, hereditary breast and ovarian cancer) gene analysis; 185delag, 5385insc, 6174delt variants"
2026,81215,,20260101,N,00375.25,Brca1 gene known famil vrnt,Gene analysis (breast cancer 1) for known familial variant,"Brca1 (brca1, dna repair associated) (eg, hereditary breast and ovarian cancer) gene analysis; known familial variant"
2026,81216,,20260101,N,00185.12,Brca2 gene full seq alys,Gene analysis (breast cancer 2) of full sequence,"Brca2 (brca2, dna repair associated) (eg, hereditary breast and ovarian cancer) gene analysis; full sequence analysis"
2026,81217,,20260101,N,00375.25,Brca2 gene known famil vrnt,Gene analysis (breast cancer 2) for known familial variant,"Brca2 (brca2, dna repair associated) (eg, hereditary breast and ovarian cancer) gene analysis; known familial variant"
2026,81218,,20260101,N,00241.90,Cebpa gene full sequence,"Gene analysis (ccaat/enhancer binding protein [c/ebp], alpha) full gene sequence","Cebpa (ccaat/enhancer binding protein [c/ebp], alpha) (eg, acute myeloid leukemia), gene analysis, full gene sequence"
2026,81219,,20260101,N,00121.63,Calr gene com variants,"Gene analysis (calreticulin), common variants","Calr (calreticulin) (eg, myeloproliferative disorders), gene analysis, common variants in exon 9"
2026,81220,,20260101,N,00556.60,Cftr gene com variants,Gene analysis (cystic fibrosis transmembrane conductance regular) common,"Cftr (cystic fibrosis transmembrane conductance regulator) (eg, cystic fibrosis) gene analysis; common variants (eg, acmg/acog guidelines)"
2026,81221,,20260101,N,00097.22,Cftr gene known fam variants,Gene analysis (cystic fibrosis transmembrane conductance regular) known,"Cftr (cystic fibrosis transmembrane conductance regulator) (eg, cystic fibrosis) gene analysis; known familial variants"
2026,81222,,20260101,N,00435.07,Cftr gene dup/delet variants,Gene analysis (cystic fibrosis transmembrane conductance regular) duplication,"Cftr (cystic fibrosis transmembrane conductance regulator) (eg, cystic fibrosis) gene analysis; duplication/deletion variants"
2026,81223,,20260101,N,00499.00,Cftr gene full sequence,Gene analysis (cystic fibrosis transmembrane conductance regular) full gene,"Cftr (cystic fibrosis transmembrane conductance regulator) (eg, cystic fibrosis) gene analysis; full gene sequence"
2026,81224,,20260101,N,00168.75,Cftr gene intron poly t,Gene analysis (cystic fibrosis transmembrane conductance regular) intron 8,"Cftr (cystic fibrosis transmembrane conductance regulator) (eg, cystic fibrosis) gene analysis; intron 8 poly-t analysis (eg, male infertility)"
2026,81225,,20260101,N,00291.36,Cyp2c19 gene com variants,"Gene analysis (cytochrome P450, family 2, subfamily C, polypeptide 19) common","Cyp2c19 (cytochrome p450, family 2, subfamily c, polypeptide 19) (eg, drug metabolism), gene analysis, common variants (eg, *2, *3, *4, *8, *17)"
2026,81226,,20260101,N,00450.91,Cyp2d6 gene com variants,"Gene analysis (cytochrome P450, family 2, subfamily D, polypeptide 6) common","Cyp2d6 (cytochrome p450, family 2, subfamily d, polypeptide 6) (eg, drug metabolism), gene analysis, common variants (eg, *2, *3, *4, *5, *6, *9, *10, *17, *19, *29, *35, *41, *1xn, *2xn, *4xn)"
2026,81227,,20260101,N,00174.81,Cyp2c9 gene com variants,"Gene analysis (cytochrome P450, family 2, subfamily C, polypeptide 9) common","Cyp2c9 (cytochrome p450, family 2, subfamily c, polypeptide 9) (eg, drug metabolism), gene analysis, common variants (eg, *2, *3, *5, *6)"
2026,81228,,20260101,N,00900.00,Cytog alys chrml abnr cgh,Genome-wide microarray analysis for copy number variants,"Cytogenomic (genome-wide) analysis for constitutional chromosomal abnormalities; interrogation of genomic regions for copy number variants, comparative genomic hybridization [cgh] microarray analysis"
2026,81229,,20260101,N,01160.00,Cytog alys chrml abnr snpcgh,Genome-wide microarray analysis for copy number and single nucleotide,"Cytogenomic (genome-wide) analysis for constitutional chromosomal abnormalities; interrogation of genomic regions for copy number and single nucleotide polymorphism (snp) variants, comparative genomic hybridization (cgh) microarray analysis"
2026,81230,,20260101,N,00174.81,Cyp3a4 gene common variants,Gene analysis (cytochrome P450 family 3 subfamily A member 4) for common variant,"Cyp3a4 (cytochrome p450 family 3 subfamily a member 4) (eg, drug metabolism), gene analysis, common variant(s) (eg, *2, *22)"
2026,81231,,20260101,N,00174.81,Cyp3a5 gene common variants,Gene analysis (cytochrome P450 family 3 subfamily A member 5) for common variant,"Cyp3a5 (cytochrome p450 family 3 subfamily a member 5) (eg, drug metabolism), gene analysis, common variants (eg, *2, *3, *4, *5, *6, *7)"
2026,81232,,20260101,N,00174.81,Dpyd gene common variants,Gene analysis (dihydropyrimidine dehydrogenase) for common variant,"Dpyd (dihydropyrimidine dehydrogenase) (eg, 5-fluorouracil/5-fu and capecitabine drug metabolism), gene analysis, common variant(s) (eg, *2a, *4, *5, *6)"
2026,81233,,20260101,N,00175.40,Btk gene common variants,Gene analysis (Bruton's tyrosine kinase) for common variants,"Btk (bruton's tyrosine kinase) (eg, chronic lymphocytic leukemia) gene analysis, common variants (eg, c481s, c481r, c481f)"
2026,81234,,20260101,N,00137.00,Dmpk gene detc abnor allele,Gene analysis (DM1 protein kinase) for abnormal alleles,"Dmpk (dm1 protein kinase) (eg, myotonic dystrophy type 1) gene analysis; evaluation to detect abnormal (expanded) alleles"
2026,81235,,20260101,N,00324.58,Egfr gene com variants,"Gene analysis (epidermal growth factor receptor), common variants","Egfr (epidermal growth factor receptor) (eg, non-small cell lung cancer) gene analysis, common variants (eg, exon 19 lrea deletion, l858r, t790m, g719a, g719s, l861q)"
2026,81236,,20260101,N,00282.88,Ezh2 gene full gene sequence,Gene analysis (enhancer of zeste 2 polycomb repressive complex 2 subunit) of,"Ezh2 (enhancer of zeste 2 polycomb repressive complex 2 subunit) (eg, myelodysplastic syndrome, myeloproliferative neoplasms) gene analysis, full gene sequence"
2026,81237,,20260101,N,00175.40,Ezh2 gene common variants,Gene analysis (enhancer of zeste 2 polycomb repressive complex 2 subunit) for,"Ezh2 (enhancer of zeste 2 polycomb repressive complex 2 subunit) (eg, diffuse large b-cell lymphoma) gene analysis, common variant(s) (eg, codon 646)"
2026,81238,,20260101,N,00600.00,F9 full gene sequence,Gene analysis (coagulation factor IX) full sequence analysis,"F9 (coagulation factor ix) (eg, hemophilia b), full gene sequence"
2026,81239,,20260101,N,00274.83,Dmpk gene charac alleles,Gene analysis (DM1 protein kinase) for characterization of alleles,"Dmpk (dm1 protein kinase) (eg, myotonic dystrophy type 1) gene analysis; characterization of alleles (eg, expanded size)"
2026,81240,,20260101,N,00065.69,F2 gene,"Gene analysis (prothrombin, coagulation factor II) A variant","F2 (prothrombin, coagulation factor ii) (eg, hereditary hypercoagulability) gene analysis, 20210g>a variant"
2026,81241,,20260101,N,00073.37,F5 gene,Gene analysis (coagulation factor V) Leiden variant,"F5 (coagulation factor v) (eg, hereditary hypercoagulability) gene analysis, leiden variant"
2026,81242,,20260101,N,00036.62,Fancc gene,"Gene analysis (Fanconi anemia, complementation group C) common variant","Fancc (fanconi anemia, complementation group c) (eg, fanconi anemia, type c) gene analysis, common variant (eg, ivs4+4a>t)"
2026,81243,,20260101,N,00057.04,Fmr1 gen aly detc abnl allel,"Gene analysis (fragile X syndrome, X-linked intellectual disability) for","Fmr1 (fragile x messenger ribonucleoprotein 1) (eg, fragile x syndrome, x-linked intellectual disability [xlid]) gene analysis; evaluation to detect abnormal (eg, expanded) alleles"
2026,81244,,20260101,N,00044.89,Fmr1 gen alys charac alleles,"Gene analysis (fragile X syndrome, X-linked intellectual disability) for","Fmr1 (fragile x messenger ribonucleoprotein 1) (eg, fragile x syndrome, x-linked intellectual disability [xlid]) gene analysis; characterization of alleles (eg, expanded size and promoter methylation status)"
2026,81245,,20260101,N,00165.51,Flt3 gene,Gene analysis (fms-related tyrosine kinase 3) internal tandem duplication,"Flt3 (fms-related tyrosine kinase 3) (eg, acute myeloid leukemia), gene analysis; internal tandem duplication (itd) variants (ie, exons 14, 15)"
2026,81246,,20260101,N,00083.00,Flt3 gene analysis,Test for detecting genes associated with blood cancer,"Flt3 (fms-related tyrosine kinase 3) (eg, acute myeloid leukemia), gene analysis; tyrosine kinase domain (tkd) variants (eg, d835, i836)"
2026,81247,,20260101,N,00174.81,G6pd gene alys cmn variant,Gene analysis (glucose-6-phosphate dehydrogenase) for common variant,"G6pd (glucose-6-phosphate dehydrogenase) (eg, hemolytic anemia, jaundice), gene analysis; common variant(s) (eg, a, a-)"
2026,81248,,20260101,N,00375.25,G6pd known familial variant,Gene analysis (glucose-6-phosphate dehydrogenase) for known familial variant,"G6pd (glucose-6-phosphate dehydrogenase) (eg, hemolytic anemia, jaundice), gene analysis; known familial variant(s)"
2026,81249,,20260101,N,00600.00,G6pd full gene sequence,Gene analysis (glucose-6-phosphate dehydrogenase) full sequence analysis,"G6pd (glucose-6-phosphate dehydrogenase) (eg, hemolytic anemia, jaundice), gene analysis; full gene sequence"
2026,81250,,20260101,N,00058.49,G6pc gene,"Gene analysis (glucose-6-phosphatase, catalytic subunit) common variants","G6pc (glucose-6-phosphatase, catalytic subunit) (eg, glycogen storage disease, type 1a, von gierke disease) gene analysis, common variants (eg, r83c, q347x)"
2026,81251,,20260101,N,00047.25,Gba gene,"Gene analysis (glucosidase, beta, acid) common variants","Gba (glucosidase, beta, acid) (eg, gaucher disease) gene analysis, common variants (eg, n370s, 84gg, l444p, ivs2+1g>a)"
2026,81252,,20260101,N,00101.12,Gjb2 gene full sequence,"Gene analysis (gap junction protein, beta 2, 26kda, connexin 26), full gene","Gjb2 (gap junction protein, beta 2, 26kda, connexin 26) (eg, nonsyndromic hearing loss) gene analysis; full gene sequence"
2026,81253,,20260101,N,00061.52,Gjb2 gene known fam variants,"Gene analysis (gap junction protein, beta 2, 26kda, connexin 26), known","Gjb2 (gap junction protein, beta 2, 26kda, connexin 26) (eg, nonsyndromic hearing loss) gene analysis; known familial variants"
2026,81254,,20260101,N,00035.00,Gjb6 gene com variants,"Gene analysis (gap junction protein, beta 6, 30kda, connexin 30), common","Gjb6 (gap junction protein, beta 6, 30kda, connexin 30) (eg, nonsyndromic hearing loss) gene analysis, common variants (eg, 309kb [del(gjb6-d13s1830)] and 232kb [del(gjb6-d13s1854)])"
2026,81255,,20260101,N,00051.45,Hexa gene,Gene analysis (hexosaminidase A) common variants,"Hexa (hexosaminidase a [alpha polypeptide]) (eg, tay-sachs disease) gene analysis, common variants (eg, 1278instatc, 1421+1g>c, g269s)"
2026,81256,,20260101,N,00065.36,Hfe gene,Gene analysis (hemochromatosis) common variants,"Hfe (hemochromatosis) (eg, hereditary hemochromatosis) gene analysis, common variants (eg, c282y, h63d)"
2026,81257,,20260101,N,00102.26,Hba1/hba2 gene,Gene analysis (alpha globin 1 and alpha globin 2) for common deletions or,"Hba1/hba2 (alpha globin 1 and alpha globin 2) (eg, alpha thalassemia, hb bart hydrops fetalis syndrome, hbh disease), gene analysis; common deletions or variant (eg, southeast asian, thai, filipino, mediterranean, alpha3.7, alpha4.2, alpha20.5, constant spring)"
2026,81258,,20260101,N,00375.25,Hba1/hba2 gene fam vrnt,Gene analysis (alpha globin 1 and alpha globin 2) for known familial variant,"Hba1/hba2 (alpha globin 1 and alpha globin 2) (eg, alpha thalassemia, hb bart hydrops fetalis syndrome, hbh disease), gene analysis; known familial variant"
2026,81259,,20260101,N,00600.00,Hba1/hba2 full gene sequence,Gene analysis (alpha globin 1 and alpha globin 2) full sequence analysis,"Hba1/hba2 (alpha globin 1 and alpha globin 2) (eg, alpha thalassemia, hb bart hydrops fetalis syndrome, hbh disease), gene analysis; full gene sequence"
2026,81260,,20260101,N,00039.31,Ikbkap gene,"Gene analysis (inhibitor of kappa light polypeptide gene enhancer in B-cells,","Ikbkap (inhibitor of kappa light polypeptide gene enhancer in b-cells, kinase complex-associated protein) (eg, familial dysautonomia) gene analysis, common variants (eg, 2507+6t>c, r696p)"
2026,81261,,20260101,N,00197.99,Igh gene rearrange amp meth,Gene rearrangement analysis (immunoglobulin heavy chain locus) to detect,"Igh@ (immunoglobulin heavy chain locus) (eg, leukemias and lymphomas, b-cell), gene rearrangement analysis to detect abnormal clonal population(s); amplified methodology (eg, polymerase chain reaction)"
2026,81262,,20260101,N,00068.55,Igh gene rearrang dir probe,Gene rearrangement analysis (immunoglobulin heavy chain locus) to detect,"Igh@ (immunoglobulin heavy chain locus) (eg, leukemias and lymphomas, b-cell), gene rearrangement analysis to detect abnormal clonal population(s); direct probe methodology (eg, southern blot)"
2026,81263,,20260101,N,00294.52,Igh vari regional mutation,"Gene rearrangement analysis (immunoglobulin heavy chain locus), variable region","Igh@ (immunoglobulin heavy chain locus) (eg, leukemia and lymphoma, b-cell), variable region somatic mutation analysis"
2026,81264,,20260101,N,00172.73,Igk rearrangeabn clonal pop,Gene rearrangement analysis (immunoglobulin kappa light chain locus) to detect,"Igk@ (immunoglobulin kappa light chain locus) (eg, leukemia and lymphoma, b-cell), gene rearrangement analysis, evaluation to detect abnormal clonal population(s)"
2026,81265,,20260101,N,00233.07,Str markers specimen anal,Comparative analysis using Short Tandem Repeat (STR) markers of patient and,"Comparative analysis using short tandem repeat (str) markers; patient and comparative specimen (eg, pre-transplant recipient and donor germline testing, post-transplant non-hematopoietic recipient germline [eg, buccal swab or other germline tissue sample] and donor testing, twin zygosity testing, or maternal cell contamination of fetal cells)"
2026,81266,,20260101,N,00304.81,Str markers spec anal addl,Comparative analysis using Short Tandem Repeat (STR) markers of patient and,"Comparative analysis using short tandem repeat (str) markers; each additional specimen (eg, additional cord blood donor, additional fetal samples from different cultures, or additional zygosity in multiple birth pregnancies) (list separately in addition to code for primary procedure)"
2026,81267,,20260101,N,00207.46,Chimerism anal no cell selec,"Chimerism analysis post transplantation, without cell selection","Chimerism (engraftment) analysis, post transplantation specimen (eg, hematopoietic stem cell), includes comparison to previously performed baseline analyses; without cell selection"
2026,81268,,20260101,N,00260.79,Chimerism anal w/cell select,"Chimerism analysis post transplantation, with cell selection","Chimerism (engraftment) analysis, post transplantation specimen (eg, hematopoietic stem cell), includes comparison to previously performed baseline analyses; with cell selection (eg, cd3, cd33), each cell type"
2026,81269,,20260101,N,00202.40,Hba1/hba2 gene dup/del vrnts,Gene analysis (alpha globin 1 and alpha globin 2) for duplication/deletion,"Hba1/hba2 (alpha globin 1 and alpha globin 2) (eg, alpha thalassemia, hb bart hydrops fetalis syndrome, hbh disease), gene analysis; duplication/deletion variants"
2026,81270,,20260101,N,00091.66,Jak2 gene,Gene analysis (Janus kinase 2) variant,"Jak2 (janus kinase 2) (eg, myeloproliferative disorder) gene analysis, p.val617phe (v617f) variant"
2026,81271,,20260101,N,00137.00,Htt gene detc abnor alleles,Gene analysis (Huntingtin) for abnormal alleles,"Htt (huntingtin) (eg, huntington disease) gene analysis; evaluation to detect abnormal (eg, expanded) alleles"
2026,81272,,20260101,N,00329.51,Kit gene targeted seq analys,"Gene analysis (v-kit Hardy-Zuckerman 4 feline sarcoma viral oncogene homolog),","Kit (v-kit hardy-zuckerman 4 feline sarcoma viral oncogene homolog) (eg, gastrointestinal stromal tumor [gist], acute myeloid leukemia, melanoma), gene analysis, targeted sequence analysis (eg, exons 8, 11, 13, 17, 18)"
2026,81273,,20260101,N,00124.87,Kit gene analys d816 variant,"Gene analysis (v-kit Hardy-Zuckerman 4 feline sarcoma viral oncogene homolog),","Kit (v-kit hardy-zuckerman 4 feline sarcoma viral oncogene homolog) (eg, mastocytosis), gene analysis, d816 variant(s)"
2026,81274,,20260101,N,00274.83,Htt gene charac alleles,Gene analysis (Huntingtin) for characterization of alleles,"Htt (huntingtin) (eg, huntington disease) gene analysis; characterization of alleles (eg, expanded size)"
2026,81275,,20260101,N,00193.25,Kras gene variants exon 2,Gene analysis (v-Ki-ras2 Kirsten rat sarcoma viral oncogene) variants in codons,"Kras (kirsten rat sarcoma viral oncogene homolog) (eg, carcinoma) gene analysis; variants in exon 2 (eg, codons 12 and 13)"
2026,81276,,20260101,N,00193.25,Kras gene addl variants,"Gene analysis (Kirsten rat sarcoma viral oncogene homolog), additional variants","Kras (kirsten rat sarcoma viral oncogene homolog) (eg, carcinoma) gene analysis; additional variant(s) (eg, codon 61, codon 146)"
2026,81277,,20260101,N,01160.00,Cytogenomic neo microra alys,Cancer cytogenomic array gene analysis,"Cytogenomic neoplasia (genome-wide) microarray analysis, interrogation of genomic regions for copy number and loss-of-heterozygosity variants for chromosomal abnormalities"
2026,81278,,20260101,N,00207.31,Igh@/bcl2 translocation alys,Gene analysis (IGH@/BCL2 (t(14;18)) translocation analysis,"Igh@/bcl2 (t(14;18)) (eg, follicular lymphoma) translocation analysis, major breakpoint region (mbr) and minor cluster region (mcr) breakpoints, qualitative or quantitative"
2026,81279,,20260101,N,00185.20,Jak2 gene trgt sequence alys,Gene analysis (Janus kinase 2) targeted sequence analysis,"Jak2 (janus kinase 2) (eg, myeloproliferative disorder) targeted sequence analysis (eg, exons 12 and 13)"
2026,81283,,20260101,N,00073.37,Ifnl3 gene,"Gene analysis (interferon, lambda 3) for rs12979860 variant","Ifnl3 (interferon, lambda 3) (eg, drug response), gene analysis, rs12979860 variant"
2026,81284,,20260101,N,00137.00,Fxn gene detc abnor alleles,Gene analysis (frataxin) for abnormal alleles,"Fxn (frataxin) (eg, friedreich ataxia) gene analysis; evaluation to detect abnormal (expanded) alleles"
2026,81285,,20260101,N,00274.83,Fxn gene charac alleles,Gene analysis (frataxin) for characterization of alleles,"Fxn (frataxin) (eg, friedreich ataxia) gene analysis; characterization of alleles (eg, expanded size)"
2026,81286,,20260101,N,00274.83,Fxn gene full gene sequence,Gene analysis (frataxin) of full sequence,"Fxn (frataxin) (eg, friedreich ataxia) gene analysis; full gene sequence"
2026,81287,,20260101,N,00124.64,Mgmt gene prmtr mthyltn alys,Gene analysis (O-6-methylguanine-DNA methyltransferase) for promoter methylation,"Mgmt (o-6-methylguanine-dna methyltransferase) (eg, glioblastoma multiforme) promoter methylation analysis"
2026,81288,,20260101,N,00192.32,Mlh1 gene,"Test for detecting genes associated with colon cancer, promoter methylation","Mlh1 (mutl homolog 1, colon cancer, nonpolyposis type 2) (eg, hereditary non-polyposis colorectal cancer, lynch syndrome) gene analysis; promoter methylation analysis"
2026,81289,,20260101,N,00185.20,Fxn gene known famil variant,Gene analysis (frataxin) for known familial variants,"Fxn (frataxin) (eg, friedreich ataxia) gene analysis; known familial variant(s)"
2026,81290,,20260101,N,00039.31,Mcoln1 gene,Gene analysis (mucolipin 1) common variants,"Mcoln1 (mucolipin 1) (eg, mucolipidosis, type iv) gene analysis, common variants (eg, ivs3-2a>g, del6.4kb)"
2026,81291,,20260101,N,00065.34,Mthfr gene,"Gene analysis (5, 10-methylenetetrahydrofolate reductase) common variants","Mthfr (5,10-methylenetetrahydrofolate reductase) (eg, hereditary hypercoagulability) gene analysis, common variants (eg, 677t, 1298c)"
2026,81292,,20260101,N,00675.40,Mlh1 gene full seq,"Gene analysis (mutL homolog 1, colon cancer, nonpolyposis type 2) full sequence","Mlh1 (mutl homolog 1, colon cancer, nonpolyposis type 2) (eg, hereditary non-polyposis colorectal cancer, lynch syndrome) gene analysis; full sequence analysis"
2026,81293,,20260101,N,00331.00,Mlh1 gene known variants,"Gene analysis (mutL homolog 1, colon cancer, nonpolyposis type 2) known","Mlh1 (mutl homolog 1, colon cancer, nonpolyposis type 2) (eg, hereditary non-polyposis colorectal cancer, lynch syndrome) gene analysis; known familial variants"
2026,81294,,20260101,N,00202.40,Mlh1 gene dup/delete variant,"Gene analysis (mutL homolog 1, colon cancer, nonpolyposis type 2) duplication","Mlh1 (mutl homolog 1, colon cancer, nonpolyposis type 2) (eg, hereditary non-polyposis colorectal cancer, lynch syndrome) gene analysis; duplication/deletion variants"
2026,81295,,20260101,N,00381.70,Msh2 gene full seq,"Gene analysis (mutS homolog 2, colon cancer, nonpolyposis type 1) full sequence","Msh2 (muts homolog 2, colon cancer, nonpolyposis type 1) (eg, hereditary non-polyposis colorectal cancer, lynch syndrome) gene analysis; full sequence analysis"
2026,81296,,20260101,N,00337.73,Msh2 gene known variants,"Gene analysis (mutS homolog 2, colon cancer, nonpolyposis type 1) known","Msh2 (muts homolog 2, colon cancer, nonpolyposis type 1) (eg, hereditary non-polyposis colorectal cancer, lynch syndrome) gene analysis; known familial variants"
2026,81297,,20260101,N,00213.30,Msh2 gene dup/delete variant,"Gene analysis (mutS homolog 2, colon cancer, nonpolyposis type 1) duplication","Msh2 (muts homolog 2, colon cancer, nonpolyposis type 1) (eg, hereditary non-polyposis colorectal cancer, lynch syndrome) gene analysis; duplication/deletion variants"
2026,81298,,20260101,N,00641.85,Msh6 gene full seq,Gene analysis (mutS homolog 6 [E coli]) full sequence analysis,"Msh6 (muts homolog 6 [e. coli]) (eg, hereditary non-polyposis colorectal cancer, lynch syndrome) gene analysis; full sequence analysis"
2026,81299,,20260101,N,00308.00,Msh6 gene known variants,Gene analysis (mutS homolog 6 [E coli]) known familial variants,"Msh6 (muts homolog 6 [e. coli]) (eg, hereditary non-polyposis colorectal cancer, lynch syndrome) gene analysis; known familial variants"
2026,81300,,20260101,N,00238.00,Msh6 gene dup/delete variant,Gene analysis (mutS homolog 6 [E coli]) duplication or deletion variants,"Msh6 (muts homolog 6 [e. coli]) (eg, hereditary non-polyposis colorectal cancer, lynch syndrome) gene analysis; duplication/deletion variants"
2026,81301,,20260101,N,00348.56,Microsatellite instability,Microsatellite instability analysis,"Microsatellite instability analysis (eg, hereditary non-polyposis colorectal cancer, lynch syndrome) of markers for mismatch repair deficiency (eg, bat25, bat26), includes comparison of neoplastic and normal tissue, if performed"
2026,81302,,20260101,N,00527.87,Mecp2 gene full seq,Gene analysis (methyl CpG binding protein 2) full sequence analysis,"Mecp2 (methyl cpg binding protein 2) (eg, rett syndrome) gene analysis; full sequence analysis"
2026,81303,,20260101,N,00120.00,Mecp2 gene known variant,Gene analysis (methyl CpG binding protein 2) known familial variant,"Mecp2 (methyl cpg binding protein 2) (eg, rett syndrome) gene analysis; known familial variant"
2026,81304,,20260101,N,00150.00,Mecp2 gene dup/delet variant,Gene analysis (methyl CpG binding protein 2) duplication or deletion variants,"Mecp2 (methyl cpg binding protein 2) (eg, rett syndrome) gene analysis; duplication/deletion variants"
2026,81305,,20260101,N,00175.40,Myd88 gene p.leu265pro vrnt,Gene analysis (myeloid differentiation primary response 88) for p.Leu265Pro,"Myd88 (myeloid differentiation primary response 88) (eg, waldenstrom's macroglobulinemia, lymphoplasmacytic leukemia) gene analysis, p.leu265pro (l265p) variant"
2026,81306,,20260101,N,00291.36,Nudt15 gene common variants,Gene analysis (nudix hydrolase 15) for common variants,"Nudt15 (nudix hydrolase 15) (eg, drug metabolism) gene analysis, common variant(s) (eg, *2, *3, *4, *5, *6)"
2026,81307,,20260101,N,00676.50,Palb2 gene full gene seq,Gene analysis (partner and localizer of BRCA2) full sequence analysis,"Palb2 (partner and localizer of brca2) (eg, breast and pancreatic cancer) gene analysis; full gene sequence"
2026,81308,,20260101,N,00301.35,Palb2 gene known famil vrnt,Gene analysis (partner and localizer of BRCA2) for detection of known familial,"Palb2 (partner and localizer of brca2) (eg, breast and pancreatic cancer) gene analysis; known familial variant"
2026,81309,,20260101,N,00274.83,Pik3ca gene trgt seq alys,Gene analysis (partner and localizer of BRCA2) targeted sequence analysis,"Pik3ca (phosphatidylinositol-4, 5-biphosphate 3-kinase, catalytic subunit alpha) (eg, colorectal and breast cancer) gene analysis, targeted sequence analysis (eg, exons 7, 9, 20)"
2026,81310,,20260101,N,00246.52,Npm1 gene,Gene analysis (nucleophosmin) exon 12 variants,"Npm1 (nucleophosmin) (eg, acute myeloid leukemia) gene analysis, exon 12 variants"
2026,81311,,20260101,N,00295.79,Nras gene variants exon 2&3,Gene analysis for cancer (neuroblastoma),"Nras (neuroblastoma ras viral [v-ras] oncogene homolog) (eg, colorectal carcinoma), gene analysis, variants in exon 2 (eg, codons 12 and 13) and exon 3 (eg, codon 61)"
2026,81312,,20260101,N,00137.00,Pabpn1 gene detc abnor allel,Gene analysis (poly[A] binding protein nuclear 1) for abnormal alleles,"Pabpn1 (poly[a] binding protein nuclear 1) (eg, oculopharyngeal muscular dystrophy) gene analysis, evaluation to detect abnormal (eg, expanded) alleles"
2026,81313,,20260101,N,00255.05,Pca3/klk3 antigen,Test for detecting genes associated with prostate cancer,"Pca3/klk3 (prostate cancer antigen 3 [non-protein coding]/kallikrein-related peptidase 3 [prostate specific antigen]) ratio (eg, prostate cancer)"
2026,81314,,20260101,N,00329.51,Pdgfra gene,"Gene analysis ((platelet-derived growth factor receptor, alpha polypeptide)","Pdgfra (platelet-derived growth factor receptor, alpha polypeptide) (eg, gastrointestinal stromal tumor [gist]), gene analysis, targeted sequence analysis (eg, exons 12, 18)"
2026,81315,,20260101,N,00207.31,Pml/raralpha com breakpoints,Translocation analysis (PML-RARA regulated adaptor molecule 1) common breakpoint,"Pml/raralpha, (t(15;17)), (promyelocytic leukemia/retinoic acid receptor alpha) (eg, promyelocytic leukemia) translocation analysis; common breakpoints (eg, intron 3 and intron 6), qualitative or quantitative"
2026,81316,,20260101,N,00207.31,Pml/raralpha 1 breakpoint,Translocation analysis (PML-RARA regulated adaptor molecule 1) single breakpoint,"Pml/raralpha, (t(15;17)), (promyelocytic leukemia/retinoic acid receptor alpha) (eg, promyelocytic leukemia) translocation analysis; single breakpoint (eg, intron 3, intron 6 or exon 6), qualitative or quantitative"
2026,81317,,20260101,N,00676.50,Pms2 gene full seq analysis,Gene analysis (postmeiotic segregation increased 2 [S cerevisiae]) full,"Pms2 (postmeiotic segregation increased 2 [s. cerevisiae]) (eg, hereditary non-polyposis colorectal cancer, lynch syndrome) gene analysis; full sequence analysis"
2026,81318,,20260101,N,00331.00,Pms2 known familial variants,Gene analysis (postmeiotic segregation increased 2 [S cerevisiae]) known,"Pms2 (postmeiotic segregation increased 2 [s. cerevisiae]) (eg, hereditary non-polyposis colorectal cancer, lynch syndrome) gene analysis; known familial variants"
2026,81319,,20260101,N,00203.50,Pms2 gene dup/delet variants,Gene analysis (postmeiotic segregation increased 2 [S cerevisiae]) duplication,"Pms2 (postmeiotic segregation increased 2 [s. cerevisiae]) (eg, hereditary non-polyposis colorectal cancer, lynch syndrome) gene analysis; duplication/deletion variants"
2026,81320,,20260101,N,00291.36,Plcg2 gene common variants,Gene analysis (phospholipase C gamma 2) for common variants,"Plcg2 (phospholipase c gamma 2) (eg, chronic lymphocytic leukemia) gene analysis, common variants (eg, r665w, s707f, l845f)"
2026,81321,,20260101,N,00600.00,Pten gene full sequence,"Gene analysis (phosphatase and tensin homolog), full sequence analysis","Pten (phosphatase and tensin homolog) (eg, cowden syndrome, pten hamartoma tumor syndrome) gene analysis; full sequence analysis"
2026,81322,,20260101,N,00046.60,Pten gene known fam variant,"Gene analysis (phosphatase and tensin homolog), known familial variant","Pten (phosphatase and tensin homolog) (eg, cowden syndrome, pten hamartoma tumor syndrome) gene analysis; known familial variant"
2026,81323,,20260101,N,00300.00,Pten gene dup/delet variant,"Gene analysis (phosphatase and tensin homolog), duplication or deletion variant","Pten (phosphatase and tensin homolog) (eg, cowden syndrome, pten hamartoma tumor syndrome) gene analysis; duplication/deletion variant"
2026,81324,,20260101,N,00758.36,Pmp22 gene dup/delet,"Gene analysis (peripheral myelin protein 22), duplication or deletion analysis","Pmp22 (peripheral myelin protein 22) (eg, charcot-marie-tooth, hereditary neuropathy with liability to pressure palsies) gene analysis; duplication/deletion analysis"
2026,81325,,20260101,N,00769.58,Pmp22 gene full sequence,"Gene analysis (peripheral myelin protein 22), full sequence analysis","Pmp22 (peripheral myelin protein 22) (eg, charcot-marie-tooth, hereditary neuropathy with liability to pressure palsies) gene analysis; full sequence analysis"
2026,81326,,20260101,N,00046.60,Pmp22 gene known fam variant,"Gene analysis (peripheral myelin protein 22), known familial variant","Pmp22 (peripheral myelin protein 22) (eg, charcot-marie-tooth, hereditary neuropathy with liability to pressure palsies) gene analysis; known familial variant"
2026,81327,,20260101,N,00192.00,Sept9 gen prmtr mthyltn alys,Gene analysis (Septin9) for promoter methylation,"Sept9 (septin9) (eg, colorectal cancer) promoter methylation analysis"
2026,81328,,20260101,N,00174.81,Slco1b1 gene com variants,"Gene analysis (solute carrier organic anion transporter family, member 1B1) for","Slco1b1 (solute carrier organic anion transporter family, member 1b1) (eg, adverse drug reaction), gene analysis, common variant(s) (eg, *5)"
2026,81329,,20260101,N,00137.00,Smn1 gene dos/deletion alys,"Gene analysis (survival of motor neuron 1, telomeric) for dosage/deletion","Smn1 (survival of motor neuron 1, telomeric) (eg, spinal muscular atrophy) gene analysis; dosage/deletion analysis (eg, carrier testing), includes smn2 (survival of motor neuron 2, centromeric) analysis, if performed"
2026,81330,,20260101,N,00047.00,Smpd1 gene common variants,"Gene analysis (sphingomyelin phosphodiesterase 1, acid lysosomal) common","Smpd1 (sphingomyelin phosphodiesterase 1, acid lysosomal) (eg, niemann-pick disease, type a) gene analysis, common variants (eg, r496l, l302p, fsp330)"
2026,81331,,20260101,N,00051.07,Snrpn/ube3a gene,Methylation analysis (small nuclear ribonucleoprotein polypeptide N and,"Snrpn/ube3a (small nuclear ribonucleoprotein polypeptide n and ubiquitin protein ligase e3a) (eg, prader-willi syndrome and/or angelman syndrome), methylation analysis"
2026,81332,,20260101,N,00043.65,Serpina1 gene,"Gene analysis (serpin peptidase inhibitor, clade A, alpha-1 antiproteinase,","Serpina1 (serpin peptidase inhibitor, clade a, alpha-1 antiproteinase, antitrypsin, member 1) (eg, alpha-1-antitrypsin deficiency), gene analysis, common variants (eg, *s and *z)"
2026,81333,,20260101,N,00137.00,Tgfbi gene common variants,Gene analysis (transforming growth factor beta-induced) for common variants,"Tgfbi (transforming growth factor beta-induced) (eg, corneal dystrophy) gene analysis, common variants (eg, r124h, r124c, r124l, r555w, r555q)"
2026,81334,,20260101,N,00329.51,Runx1 gene targeted seq alys,Gene analysis (runt related transcription factor 1) targeted sequence analysis,"Runx1 (runt related transcription factor 1) (eg, acute myeloid leukemia, familial platelet disorder with associated myeloid malignancy) gene analysis, targeted sequence analysis (eg, exons 3-8)"
2026,81335,,20260101,N,00174.81,Tpmt gene com variants,Gene analysis (thiopurine S-methyltransferase) for common variant,"Tpmt (thiopurine s-methyltransferase) (eg, drug metabolism), gene analysis, common variants (eg, *2, *3)"
2026,81336,,20260101,N,00301.35,Smn1 gene full gene sequence,"Gene analysis (survival of motor neuron 1, telomeric) of full sequence","Smn1 (survival of motor neuron 1, telomeric) (eg, spinal muscular atrophy) gene analysis; full gene sequence"
2026,81337,,20260101,N,00185.20,Smn1 gen nown famil seq vrnt,"Gene analysis (survival of motor neuron 1, telomeric) for known familial","Smn1 (survival of motor neuron 1, telomeric) (eg, spinal muscular atrophy) gene analysis; known familial sequence variant(s)"
2026,81338,,20260101,N,00150.33,Mpl gene common variants,"Gene analysis (MPL proto-oncogene, thrombopoietin receptor) for detection of","Mpl (mpl proto-oncogene, thrombopoietin receptor) (eg, myeloproliferative disorder) gene analysis; common variants (eg, w515a, w515k, w515l, w515r)"
2026,81339,,20260101,N,00185.20,Mpl gene seq alys exon 10,"Gene analysis (MPL proto-oncogene, thrombopoietin receptor) sequence analysis","Mpl (mpl proto-oncogene, thrombopoietin receptor) (eg, myeloproliferative disorder) gene analysis; sequence analysis, exon 10"
2026,81340,,20260101,N,00208.92,Trb@ gene rearrange amplify,Gene analysis (T cell antigen receptor beta) amplification methodology,"Trb@ (t cell antigen receptor, beta) (eg, leukemia and lymphoma), gene rearrangement analysis to detect abnormal clonal population(s); using amplification methodology (eg, polymerase chain reaction)"
2026,81341,,20260101,N,00049.59,Trb@ gene rearrange dirprobe,Gene rearrangement analysis detection abnormal clonal population (T cell,"Trb@ (t cell antigen receptor, beta) (eg, leukemia and lymphoma), gene rearrangement analysis to detect abnormal clonal population(s); using direct probe methodology (eg, southern blot)"
2026,81342,,20260101,N,00201.50,Trg gene rearrangement anal,Gene rearrangement analysis detection abnormal clonal population (T cell,"Trg@ (t cell antigen receptor, gamma) (eg, leukemia and lymphoma), gene rearrangement analysis, evaluation to detect abnormal clonal population(s)"
2026,81343,,20260101,N,00137.00,Ppp2r2b gen detc abnor allel,Gene analysis (protein phosphatase 2 regulatory subunit Bbeta) for abnormal,"Ppp2r2b (protein phosphatase 2 regulatory subunit bbeta) (eg, spinocerebellar ataxia) gene analysis, evaluation to detect abnormal (eg, expanded) alleles"
2026,81344,,20260101,N,00137.00,Tbp gene detc abnor alleles,Gene analysis (TATA box binding protein) for abnormal alleles,"Tbp (tata box binding protein) (eg, spinocerebellar ataxia) gene analysis, evaluation to detect abnormal (eg, expanded) alleles"
2026,81345,,20260101,N,00185.20,Tert gene targeted seq alys,Gene analysis (telomerase reverse transcriptase) targeted sequence analysis,"Tert (telomerase reverse transcriptase) (eg, thyroid carcinoma, glioblastoma multiforme) gene analysis, targeted sequence analysis (eg, promoter region)"
2026,81346,,20260101,N,00174.81,Tyms gene com variants,Gene analysis (thymidylate synthetase) for common variant,"Tyms (thymidylate synthetase) (eg, 5-fluorouracil/5-fu drug metabolism), gene analysis, common variant(s) (eg, tandem repeat variant)"
2026,81347,,20260101,N,00193.25,Sf3b1 gene common variants,Gene analysis (splicing factor [3b] subunit B1) for detection of common variants,"Sf3b1 (splicing factor [3b] subunit b1) (eg, myelodysplastic syndrome/acute myeloid leukemia) gene analysis, common variants (eg, a672t, e622d, l833f, r625c, r625l)"
2026,81348,,20260101,N,00175.40,Srsf2 gene common variants,Gene analysis (serine and arginine-rich splicing factor 2) for detection of,"Srsf2 (serine and arginine-rich splicing factor 2) (eg, myelodysplastic syndrome, acute myeloid leukemia) gene analysis, common variants (eg, p95h, p95l)"
2026,81349,,20260101,N,01197.94,Cytog alys chrml abnr lw-ps,Genome-wide microarray analysis for copy number and loss-of-heterozygosity,"Cytogenomic (genome-wide) analysis for constitutional chromosomal abnormalities; interrogation of genomic regions for copy number and loss-of-heterozygosity variants, low-pass sequencing analysis"
2026,81350,,20260101,N,00234.00,Ugt1a1 gene common variants,"Gene analysis (UDP glucuronosyltransferase 1 family, polypeptide A1) for","Ugt1a1 (udp glucuronosyltransferase 1 family, polypeptide a1) (eg, drug metabolism, hereditary unconjugated hyperbilirubinemia [gilbert syndrome]) gene analysis, common variants (eg, *28, *36, *37)"
2026,81351,,20260101,N,00641.85,Tp53 gene full gene sequence,Gene analysis (tumor protein 53) full sequence analysis,"Tp53 (tumor protein 53) (eg, li-fraumeni syndrome) gene analysis; full gene sequence"
2026,81352,,20260101,N,00329.51,Tp53 gene trgt sequence alys,Gene analysis (tumor protein 53) targeted sequence analysis,"Tp53 (tumor protein 53) (eg, li-fraumeni syndrome) gene analysis; targeted sequence analysis (eg, 4 oncology)"
2026,81353,,20260101,N,00308.00,Tp53 gene known famil vrnt,Gene analysis (tumor protein 53) targeted sequence analysis for detection of,"Tp53 (tumor protein 53) (eg, li-fraumeni syndrome) gene analysis; known familial variant"
2026,81354,,20260101,N,01263.53,Cytog alys chrml abnor ogm,Detection of abnormalities associated with constitutional chromosomal,"Cytogenomic (genome-wide) analysis for constitutional chromosomal abnormalities; interrogation of structural and copy number variants, optical genome mapping (ogm)"
2026,81355,,20260101,N,00088.20,Vkorc1 gene,Gene analysis (vitamin K epoxide reductase complex subunit 1) common variants,"Vkorc1 (vitamin k epoxide reductase complex, subunit 1) (eg, warfarin metabolism), gene analysis, common variant(s) (eg, -1639g>a, c.173+1000c>t)"
2026,81357,,20260101,N,00193.25,U2af1 gene common variants,Gene analysis (U2 small nuclear RNA auxiliary factor 1) for detection of common,"U2af1 (u2 small nuclear rna auxiliary factor 1) (eg, myelodysplastic syndrome, acute myeloid leukemia) gene analysis, common variants (eg, s34f, s34y, q157r, q157p)"
2026,81360,,20260101,N,00193.25,Zrsr2 gene common variants,"Gene analysis (zinc finger CCCH-type, RNA binding motif and","Zrsr2 (zinc finger ccch-type, rna binding motif and serine/arginine-rich 2) (eg, myelodysplastic syndrome, acute myeloid leukemia) gene analysis, common variant(s) (eg, e65fs, e122fs, r448fs)"
2026,81361,,20260101,N,00174.81,Hbb gene com variants,"Gene analysis (hemoglobin, subunit beta) for common variant","Hbb (hemoglobin, subunit beta) (eg, sickle cell anemia, beta thalassemia, hemoglobinopathy); common variant(s) (eg, hbs, hbc, hbe)"
2026,81362,,20260101,N,00375.25,Hbb gene known fam variant,"Gene analysis (hemoglobin, subunit beta) for known familial variant","Hbb (hemoglobin, subunit beta) (eg, sickle cell anemia, beta thalassemia, hemoglobinopathy); known familial variant(s)"
2026,81363,,20260101,N,00202.40,Hbb gene dup/del variants,"Gene analysis (hemoglobin, subunit beta) for duplication/deletion variant","Hbb (hemoglobin, subunit beta) (eg, sickle cell anemia, beta thalassemia, hemoglobinopathy); duplication/deletion variant(s)"
2026,81364,,20260101,N,00324.58,Hbb full gene sequence,"Gene analysis (hemoglobin, subunit beta) full sequence analysis","Hbb (hemoglobin, subunit beta) (eg, sickle cell anemia, beta thalassemia, hemoglobinopathy); full gene sequence"
2026,81370,,20260101,N,00402.12,Hla i & ii typing lr,"HLA class I and II typing low resolution HLA-A, -B, -C, -DRB1/3/4/5 and -DQB1","Hla class i and ii typing, low resolution (eg, antigen equivalents); hla-a, -b, -c, -drb1/3/4/5, and -dqb1"
2026,81371,,20260101,N,00404.52,Hla i & ii type verify lr,"HLA class I and II typing, low resolution HLA-A, -B, and -DRB1","Hla class i and ii typing, low resolution (eg, antigen equivalents); hla-a, -b, and -drb1 (eg, verification typing)"
2026,81372,,20260101,N,00403.59,Hla i typing complete lr,HLA class I typing low resolution,"Hla class i typing, low resolution (eg, antigen equivalents); complete (ie, hla-a, -b, and -c)"
2026,81373,,20260101,N,00127.43,Hla i typing 1 locus lr,HLA class I typing low resolution one locus,"Hla class i typing, low resolution (eg, antigen equivalents); one locus (eg, hla-a, -b, or -c), each"
2026,81374,,20260101,N,00074.33,Hla i typing 1 antigen lr,"HLA class I typing, low resolution one antigen equivalent","Hla class i typing, low resolution (eg, antigen equivalents); one antigen equivalent (eg, b*27), each"
2026,81375,,20260101,N,00220.74,Hla ii typing ag equiv lr,HLA class II typing low resolution HLA-DRB1/3/4/5 and -DQB1,"Hla class ii typing, low resolution (eg, antigen equivalents); hla-drb1/3/4/5 and -dqb1"
2026,81376,,20260101,N,00122.22,Hla ii typing 1 locus lr,HLA class II typing low resolution one locus,"Hla class ii typing, low resolution (eg, antigen equivalents); one locus (eg, hla-drb1, -drb3/4/5, -dqb1, -dqa1, -dpb1, or -dpa1), each"
2026,81377,,20260101,N,00094.74,Hla ii type 1 ag equiv lr,HLA class II typing low resolution one antigen equivalent,"Hla class ii typing, low resolution (eg, antigen equivalents); one antigen equivalent, each"
2026,81378,,20260101,N,00345.57,Hla i & ii typing hr,"HLA class I and II typing high resolution HLA-A, -B, -C, and -DRB1","Hla class i and ii typing, high resolution (ie, alleles or allele groups), hla-a, -b, -c, and -drb1"
2026,81379,,20260101,N,00335.38,Hla i typing complete hr,HLA Class I typing high resolution,"Hla class i typing, high resolution (ie, alleles or allele groups); complete (ie, hla-a, -b, and -c)"
2026,81380,,20260101,N,00177.25,Hla i typing 1 locus hr,HLA class I typing high resolution one locus,"Hla class i typing, high resolution (ie, alleles or allele groups); one locus (eg, hla-a, -b, or -c), each"
2026,81381,,20260101,N,00169.90,Hla i typing 1 allele hr,HLA class I typing high resolution one allele or allele group,"Hla class i typing, high resolution (ie, alleles or allele groups); one allele or allele group (eg, b*57:01p), each"
2026,81382,,20260101,N,00123.68,Hla ii typing 1 loc hr,HLA class II typing high resolution one locus,"Hla class ii typing, high resolution (ie, alleles or allele groups); one locus (eg, hla-drb1, -drb3/4/5, -dqb1, -dqa1, -dpb1, or -dpa1), each"
2026,81383,,20260101,N,00109.13,Hla ii typing 1 allele hr,HLA class II typing high resolution one allele or allele group,"Hla class ii typing, high resolution (ie, alleles or allele groups); one allele or allele group (eg, hla-dqb1*06:02p), each"
2026,81400,,20260101,N,00063.96,Mopath procedure level 1,Molecular pathology procedure level 1,"Molecular pathology procedure, level 1 (eg, identification of single germline variant [eg, snp] by techniques such as restriction enzyme digestion or melt curve analysis) acadm (acyl-coa dehydrogenase, c-4 to c-12 straight chain, mcad) (eg, medium chain acyl dehydrogenase deficiency), k304e variant ace (angiotensin converting enzyme) (eg, hereditary blood pressure regulation), insertion/deletion variant agtr1 (angiotensin ii receptor, type 1) (eg, essential hypertension), 1166a>c variant bckdha (branched chain keto acid dehydrogenase e1, alpha polypeptide) (eg, maple syrup urine disease, type 1a), y438n variant ccr5 (chemokine c-c motif receptor 5) (eg, hiv resistance), 32-bp deletion mutation/794 825del32 deletion clrn1 (clarin 1) (eg, usher syndrome, type 3), n48k variant f2 (coagulation factor 2) (eg, hereditary hypercoagulability), 1199g>a variant f5 (coagulation factor v) (eg, hereditary hypercoagulability), hr2 variant f7 (coagulation factor vii [serum prothrombin conversion accelerator]) (eg, hereditary hypercoagulability), r353q variant f13b (coagulation factor xiii, b polypeptide) (eg, hereditary hypercoagulability), v34l variant fgb (fibrinogen beta chain) (eg, hereditary ischemic heart disease), -455g>a variant fgfr1 (fibroblast growth factor receptor 1) (eg, pfeiffer syndrome type 1, craniosynostosis), p252r variant fgfr3 (fibroblast growth factor receptor 3) (eg, muenke syndrome), p250r variant fktn (fukutin) (eg, fukuyama congenital muscular dystrophy), retrotransposon insertion variant gne (glucosamine [udp-n-acetyl]-2-epimerase/n-acetylmannosamine kinase) (eg, inclusion body myopathy 2 [ibm2], nonaka myopathy), m712t variant ivd (isovaleryl-coa dehydrogenase) (eg, isovaleric acidemia), a282v variant lct (lactase-phlorizin hydrolase) (eg, lactose intolerance), 13910 c>t variant neb (nebulin) (eg, nemaline myopathy 2), exon 55 deletion variant pcdh15 (protocadherin-related 15) (eg, usher syndrome type 1f), r245x variant serpine1 (serpine peptidase inhibitor clade e, member 1, plasminogen activator inhibitor -1, pai-1) (eg, thrombophilia), 4g variant shoc2 (soc-2 suppressor of clear homolog) (eg, noonan-like syndrome with loose anagen hair), s2g variant sry (sex determining region y) (eg, 46,xx testicular disorder of sex development, gonadal dysgenesis), gene analysis tor1a (torsin family 1, member a [torsin a]) (eg, early-onset primary dystonia [dyt1]), 907_909delgag (904_906delgag) variant"
2026,81401,,20260101,N,00137.00,Mopath procedure level 2,Molecular pathology procedure level 2,"Molecular pathology procedure, level 2 (eg, 2-10 snps, 1 methylated variant, or 1 somatic variant [typically using nonsequencing target variant analysis], or detection of a dynamic mutation disorder/triplet repeat) abcc8 (atp-binding cassette, sub-family c [cftr/mrp], member 8) (eg, familial hyperinsulinism), common variants (eg, c.3898-9g>a [c.3992-9g>a], f1388del) abl1 (abl proto-oncogene 1, non-receptor tyrosine kinase) (eg, acquired imatinib resistance), t315i variant acadm (acyl-coa dehydrogenase, c-4 to c-12 straight chain, mcad) (eg, medium chain acyl dehydrogenase deficiency), commons variants (eg, k304e, y42h) adrb2 (adrenergic beta-2 receptor surface) (eg, drug metabolism), common variants (eg, g16r, q27e) apob (apolipoprotein b) (eg, familial hypercholesterolemia type b), common variants (eg, r3500q, r3500w) apoe (apolipoprotein e) (eg, hyperlipoproteinemia type iii, cardiovascular disease, alzheimer disease), common variants (eg, *2, *3, *4) cbfb/myh11 (inv(16)) (eg, acute myeloid leukemia), qualitative, and quantitative, if performed cbs (cystathionine-beta-synthase) (eg, homocystinuria, cystathionine beta-synthase deficiency), common variants (eg, i278t, g307s) cfh/arms2 (complement factor h/age-related maculopathy susceptibility 2) (eg, macular degeneration), common variants (eg, y402h [cfh], a69s [arms2]) dek/nup214 (t(6;9)) (eg, acute myeloid leukemia), translocation analysis, qualitative, and quantitative, if performed e2a/pbx1 (t(1;19)) (eg, acute lymphocytic leukemia), translocation analysis, qualitative, and quantitative, if performed eml4/alk (inv(2)) (eg, non-small cell lung cancer), translocation or inversion analysis etv6/runx1 (t(12;21)) (eg, acute lymphocytic leukemia), translocation analysis, qualitative, and quantitative, if performed ewsr1/atf1 (t(12;22)) (eg, clear cell sarcoma), translocation analysis, qualitative, and quantitative, if performed ewsr1/erg (t(21;22)) (eg, ewing sarcoma/peripheral neuroectodermal tumor), translocation analysis, qualitative, and quantitative, if performed ewsr1/fli1 (t(11;22)) (eg, ewing sarcoma/peripheral neuroectodermal tumor), translocation analysis, qualitative, and quantitative, if performed ewsr1/wt1 (t(11;22)) (eg, desmoplastic small round cell tumor), translocation analysis, qualitative, and quantitative, if performed f11 (coagulation factor xi) (eg, coagulation disorder), common variants (eg, e117x [type ii], f283l [type iii], ivs14del14, and ivs14+1g>a [type i]) fgfr3 (fibroblast growth factor receptor 3) (eg, achondroplasia, hypochondroplasia), common variants (eg, 1138g>a, 1138g>c, 1620c>a, 1620c>g) fip1l1/pdgfra (del[4q12]) (eg, imatinib-sensitive chronic eosinophilic leukemia), qualitative, and quantitative, if performed flg (filaggrin) (eg, ichthyosis vulgaris), common variants (eg, r501x, 2282del4, r2447x, s3247x, 3702delg) foxo1/pax3 (t(2;13)) (eg, alveolar rhabdomyosarcoma), translocation analysis, qualitative, and quantitative, if performed foxo1/pax7 (t(1;13)) (eg, alveolar rhabdomyosarcoma), translocation analysis, qualitative, and quantitative, if performed fus/ddit3 (t(12;16)) (eg, myxoid liposarcoma), translocation analysis, qualitative, and quantitative, if performed galc (galactosylceramidase) (eg, krabbe disease), common variants (eg, c.857g>a, 30-kb deletion) galt (galactose-1-phosphate uridylyltransferase) (eg, galactosemia), common variants (eg, q188r, s135l, k285n, t138m, l195p, y209c, ivs2-2a>g, p171s, del5kb, n314d, l218l/n314d) h19 (imprinted maternally expressed transcript [non-protein coding]) (eg, beckwith-wiedemann syndrome), methylation analysis igh@/bcl2 (t(14;18)) (eg, follicular lymphoma), translocation analysis; single breakpoint (eg, major breakpoint region [mbr] or minor cluster region [mcr]), qualitative or quantitative (when both mbr and mcr breakpoints are performed, use 81278) kcnq1ot1 (kcnq1 overlapping transcript 1 [non-protein coding]) (eg, beckwith-wiedemann syndrome), methylation analysis linc00518 (long intergenic non-protein coding rna 518) (eg, melanoma), expression analysis lrrk2 (leucine-rich repeat kinase 2) (eg, parkinson disease), common variants (eg, r1441g, g2019s, i2020t) med12 (mediator complex subunit 12) (eg, fg syndrome type 1, lujan syndrome), common variants (eg, r961w, n1007s) meg3/dlk1 (maternally expressed 3 [non-protein coding]/delta-like 1 homolog [drosophila]) (eg, intrauterine growth retardation), methylation analysis mll/aff1 (t(4;11)) (eg, acute lymphoblastic leukemia), translocation analysis, qualitative, and quantitative, if performed mll/mllt3 (t(9;11)) (eg, acute myeloid leukemia), translocation analysis, qualitative, and quantitative, if performed mt-atp6 (mitochondrially encoded atp synthase 6) (eg, neuropathy with ataxia and retinitis pigmentosa [narp], coli]) (eg, myh-associated polyposis), common variants (eg, y165c, g382d) nod2 (nucleotide-binding oligomerization domain containing 2) (eg, crohn's disease, blau syndrome), common variants (eg, snp 8, snp 12, snp 13) npm1/alk (t(2;5)) (eg, anaplastic large cell lymphoma), translocation analysis pax8/pparg (t(2;3) (q13;p25)) (eg, follicular thyroid carcinoma), translocation analysis prame (preferentially expressed antigen in melanoma) (eg, melanoma), expression analysis prss1 (protease, serine, 1 [trypsin 1]) (eg, hereditary pancreatitis), common variants (eg, n29i, a16v, r122h) pygm (phosphorylase, glycogen, muscle) (eg, glycogen storage disease type v, mcardle disease), common variants (eg, r50x, g205s) runx1/runx1t1 (t(8;21)) (eg, acute myeloid leukemia) translocation analysis, qualitative, and quantitative, if performed ss18/ssx1 (t(x;18)) (eg, synovial sarcoma), translocation analysis, qualitative, and quantitative, if performed ss18/ssx2 (t(x;18)) (eg, synovial sarcoma), translocation analysis, qualitative, and quantitative, if performed vwf (von willebrand factor) (eg, von willebrand disease type 2n), common variants (eg, t791m, r816w, r854q)"
2026,81402,,20260101,N,00150.33,Mopath procedure level 3,Molecular pathology procedure level 3,"Molecular pathology procedure, level 3 (eg, >10 snps, 2-10 methylated variants, or 2-10 somatic variants [typically using non-sequencing target variant analysis], immunoglobulin and t-cell receptor gene rearrangements, duplication/deletion variants of 1 exon, loss of heterozygosity [loh], uniparental disomy [upd]) chromosome 1p-/19q- (eg, glial tumors), deletion analysis chromosome 18q- (eg, d18s55, d18s58, d18s61, d18s64, and d18s69) (eg, colon cancer), allelic imbalance assessment (ie, loss of heterozygosity) col1a1/pdgfb (t(17;22)) (eg, dermatofibrosarcoma protuberans), translocation analysis, multiple breakpoints, qualitative, and quantitative, if performed cyp21a2 (cytochrome p450, family 21, subfamily a, polypeptide 2) (eg, congenital adrenal hyperplasia, 21-hydroxylase deficiency), common variants (eg, ivs2-13g, p30l, i172n, exon 6 mutation cluster [i235n, v236e, m238k], v281l, l307ffsx6, q318x, r356w, p453s, g110vfsx21, 30-kb deletion variant) esr1/pgr (receptor 1/progesterone receptor) ratio (eg, breast cancer) mefv (mediterranean fever) (eg, familial mediterranean fever), common variants (eg, e148q, p369s, f479l, m680i, i692del, m694v, m694i, k695r, v726a, a744s, r761h) trd@ (t cell antigen receptor, delta) (eg, leukemia and lymphoma), gene rearrangement analysis, evaluation to detect abnormal clonal population uniparental disomy (upd) (eg, russell-silver syndrome, prader-willi/angelman syndrome), short tandem repeat (str) analysis"
2026,81403,,20260101,N,00185.20,Mopath procedure level 4,Molecular pathology procedure level 4 genetic analysis,"Molecular pathology procedure, level 4 (eg, analysis of single exon by dna sequence analysis, analysis of >10 amplicons using multiplex pcr in 2 or more independent reactions, mutation scanning or duplication/deletion variants of 2-5 exons) ang (angiogenin, ribonuclease, rnase a family, 5) (eg, amyotrophic lateral sclerosis), full gene sequence arx (aristaless related homeobox) (eg, x-linked lissencephaly with ambiguous genitalia, x-linked intellectual disability), duplication/deletion analysis cel (carboxyl ester lipase [bile salt-stimulated lipase]) (eg, maturity-onset diabetes of the young [mody]), targeted sequence analysis of exon 11 (eg, c.1785delc, c.1686delt) ctnnb1 (catenin [cadherin-associated protein], beta 1, 88kda) (eg, desmoid tumors), targeted sequence analysis (eg, exon 3) daz/sry (deleted in azoospermia and sex determining region y) (eg, male infertility), common deletions (eg, azfa, azfb, azfc, azfd) dnmt3a (dna [cytosine-5-]-methyltransferase 3 alpha) (eg, acute myeloid leukemia), targeted sequence analysis (eg, exon 23) epcam (epithelial cell adhesion molecule) (eg, lynch syndrome), duplication/deletion analysis f8 (coagulation factor viii) (eg, hemophilia a), inversion analysis, intron 1 and intron 22a f12 (coagulation factor xii [hageman factor]) (eg, angioedema, hereditary, type iii; factor xii deficiency), targeted sequence analysis of exon 9 fgfr3 (fibroblast growth factor receptor 3) (eg, isolated craniosynostosis), targeted sequence analysis (eg, exon 7) (for targeted sequence analysis of multiple fgfr3 exons, use 81404) gjb1 (gap junction protein, beta 1) (eg, charcot-marie-tooth x-linked), full gene sequence gnaq (guanine nucleotide-binding protein g[q] subunit alpha) (eg, uveal melanoma), common variants (eg, r183, q209) human erythrocyte antigen gene analyses (eg, slc14a1 [kidd blood group], bcam [lutheran blood group], icam4 [landsteiner-wiener blood group], slc4a1 [diego blood group], aqp1 [colton blood group], ermap [scianna blood group], rhce [rh blood group, ccee antigens], kel [kell blood group], darc [duffy blood group], gypa, gypb, gype [mns blood group], art4 [dombrock blood group]) (eg, sickle-cell disease, thalassemia, hemolytic transfusion reactions, hemolytic disease of the fetus or newborn), common variants hras (v-ha-ras harvey rat sarcoma viral oncogene homolog) (eg, costello syndrome), exon 2 sequence kcnc3 (potassium voltage-gated channel, shaw-related subfamily, member 3) (eg, spinocerebellar ataxia), targeted sequence analysis (eg, exon 2) kcnj2 (potassium inwardly-rectifying channel, subfamily j, member 2) (eg, andersen-tawil syndrome), full gene sequence kcnj11 (potassium inwardly-rectifying channel, subfamily j, member 11) (eg, familial hyperinsulinism), full gene sequence killer cell immunoglobulin-like receptor (kir) gene family (eg, hematopoietic stem cell transplantation), genotyping of kir family genes known familial variant not otherwise specified, for gene listed in tier 1 or tier 2, or identified during a genomic sequencing procedure, dna sequence analysis, each variant exon (for a known familial variant that is considered a common variant, use specific common variant tier 1 or tier 2 code) mc4r (melanocortin 4 receptor) (eg, obesity), full gene sequence mica (mhc class i polypeptide-related sequence a) (eg, solid organ transplantation), common variants (eg, *001, *002) mt-rnr1 (mitochondrially encoded 12s rna) (eg, nonsyndromic hearing loss), full gene sequence mt-ts1 (mitochondrially encoded trna serine 1) (eg, nonsyndromic hearing loss), full gene sequence ndp (norrie disease [pseudoglioma]) (eg, norrie disease), duplication/deletion analysis nhlrc1 (nhl repeat containing 1) (eg, progressive myoclonus epilepsy), full gene sequence phox2b (paired-like homeobox 2b) (eg, congenital central hypoventilation syndrome), duplication/deletion analysis pln (phospholamban) (eg, dilated cardiomyopathy, hypertrophic cardiomyopathy), full gene sequence rhd (rh blood group, d antigen) (eg, hemolytic disease of the fetus and newborn, rh maternal/fetal compatibility), deletion analysis (eg, exons 4, 5, and 7, pseudogene) rhd (rh blood group, d antigen) (eg, hemolytic disease of the fetus and newborn, rh maternal/fetal compatibility), deletion analysis (eg, exons 4, 5, and 7, pseudogene), performed on cell-free fetal dna in maternal blood (for human erythrocyte gene analysis of rhd, use a separate unit of 81403) sh2d1a (sh2 domain containing 1a) (eg, x-linked lymphoproliferative syndrome), duplication/deletion analysis twist1 (twist homolog 1 [drosophila]) (eg, saethre-chotzen syndrome), duplication/deletion analysis uba1 (ubiquitin-like modifier activating enzyme 1) (eg, spinal muscular atrophy, x-linked), targeted sequence analysis (eg, exon 15) vhl (von hippel-lindau tumor suppressor) (eg, von hippel-lindau familial cancer syndrome), deletion/duplication analysis vwf (von willebrand factor) (eg, von willebrand disease types 2a, 2b, 2m), targeted sequence analysis (eg, exon 28)"
2026,81404,,20260101,N,00274.83,Mopath procedure level 5,Molecular pathology procedure level 5 genetic analysis,"Molecular pathology procedure, level 5 (eg, analysis of 2-5 exons by dna sequence analysis, mutation scanning or duplication/deletion variants of 6-10 exons, or characterization of a dynamic mutation disorder/triplet repeat by southern blot analysis) acads (acyl-coa dehydrogenase, c-2 to c-3 short chain) (eg, short chain acyl-coa dehydrogenase deficiency), targeted sequence analysis (eg, exons 5 and 6) aqp2 (aquaporin 2 [collecting duct]) (eg, nephrogenic diabetes insipidus), full gene sequence arx (aristaless related homeobox) (eg, x-linked lissencephaly with ambiguous genitalia, x-linked intellectual disability), full gene sequence avpr2 (arginine vasopressin receptor 2) (eg, nephrogenic diabetes insipidus), full gene sequence bbs10 (bardet-biedl syndrome 10) (eg, bardet-biedl syndrome), full gene sequence btd (biotinidase) (eg, biotinidase deficiency), full gene sequence c10orf2 (chromosome 10 open reading frame 2) (eg, mitochondrial dna depletion syndrome), full gene sequence cav3 (caveolin 3) (eg, cav3-related distal myopathy, limb-girdle muscular dystrophy type 1c), full gene sequence cd40lg (cd40 ligand) (eg, x-linked hyper igm syndrome), full gene sequence cdkn2a (cyclin-dependent kinase inhibitor 2a) (eg, cdkn2a-related cutaneous malignant melanoma, familial atypical mole-malignant melanoma syndrome), full gene sequence clrn1 (clarin 1) (eg, usher syndrome, type 3), full gene sequence cox6b1 (cytochrome c oxidase subunit vib polypeptide 1) (eg, mitochondrial respiratory chain complex iv deficiency), full gene sequence cpt2 (carnitine palmitoyltransferase 2) (eg, carnitine palmitoyltransferase ii deficiency), full gene sequence crx (cone-rod homeobox) (eg, cone-rod dystrophy 2, leber congenital amaurosis), full gene sequence cyp1b1 (cytochrome p450, family 1, subfamily b, polypeptide 1) (eg, primary congenital glaucoma), full gene sequence egr2 (early growth response 2) (eg, charcot-marie-tooth), full gene sequence emd (emerin) (eg, emery-dreifuss muscular dystrophy), duplication/deletion analysis epm2a (epilepsy, progressive myoclonus type 2a, lafora disease [laforin]) (eg, progressive myoclonus epilepsy), full gene sequence fgf23 (fibroblast growth factor 23) (eg, hypophosphatemic rickets), full gene sequence fgfr2 (fibroblast growth factor receptor 2) (eg, craniosynostosis, apert syndrome, crouzon syndrome), targeted sequence analysis (eg, exons 8, 10) fgfr3 (fibroblast growth factor receptor 3) (eg, achondroplasia, hypochondroplasia), targeted sequence analysis (eg, exons 8, 11, 12, 13) fhl1 (four and a half lim domains 1) (eg, emery-dreifuss muscular dystrophy), full gene sequence fkrp (fukutin related protein) (eg, congenital muscular dystrophy type 1c [mdc1c], limb-girdle muscular dystrophy [lgmd] type 2i), full gene sequence foxg1 (forkhead box g1) (eg, rett syndrome), full gene sequence fshmd1a (facioscapulohumeral muscular dystrophy 1a) (eg, facioscapulohumeral muscular dystrophy), evaluation to detect abnormal (eg, deleted) alleles fshmd1a (facioscapulohumeral muscular dystrophy 1a) (eg, facioscapulohumeral muscular dystrophy), characterization of haplotype(s) (ie, chromosome 4a and 4b haplotypes) gh1 (growth hormone 1) (eg, growth hormone deficiency), full gene sequence gp1bb (glycoprotein ib [platelet], beta polypeptide) (eg, bernard-soulier syndrome type b), full gene sequence (for common deletion variants of alpha globin 1 and alpha globin 2 genes, use 81257) hnf1b (hnf1 homeobox b) (eg, maturity-onset diabetes of the young [mody]), duplication/deletion analysis hras (v-ha-ras harvey rat sarcoma viral oncogene homolog) (eg, costello syndrome), full gene sequence hsd3b2 (hydroxy-delta-5-steroid dehydrogenase, 3 beta- and steroid delta-isomerase 2) (eg, 3-beta-hydroxysteroid dehydrogenase type ii deficiency), full gene sequence hsd11b2 (hydroxysteroid [11-beta] dehydrogenase 2) (eg, mineralocorticoid excess syndrome), full gene sequence hspb1 (heat shock 27kda protein 1) (eg, charcot-marie-tooth disease), full gene sequence ins (insulin) (eg, diabetes mellitus), full gene sequence kcnj1 (potassium inwardly-rectifying channel, subfamily j, member 1) (eg, bartter syndrome), full gene sequence kcnj10 (potassium inwardly-rectifying channel, subfamily j, member 10) (eg, sesame syndrome, east syndrome, sensorineural hearing loss), full gene sequence litaf (lipopolysaccharide-induced tnf factor) (eg, charcot-marie-tooth), full gene sequence mefv (mediterranean fever) (eg, familial mediterranean fever), full gene sequence men1 (multiple endocrine neoplasia i) (eg, multiple endocrine neoplasia type 1, wermer syndrome), duplication/deletion analysis mmachc (methylmalonic aciduria [cobalamin deficiency] cblc type, with homocystinuria) (eg, methylmalonic acidemia and homocystinuria), full gene sequence mpv17 (mpv17 mitochondrial inner membrane protein) (eg, mitochondrial dna depletion syndrome), duplication/deletion analysis ndp (norrie disease [pseudoglioma]) (eg, norrie disease), full gene sequence ndufa1 (nadh dehydrogenase [ubiquinone] 1 alpha subcomplex, 1, 7.5kda) (eg, leigh syndrome, mitochondrial complex i deficiency), full gene sequence ndufaf2 (nadh dehydrogenase [ubiquinone] 1 alpha subcomplex, assembly factor 2) (eg, leigh syndrome, mitochondrial complex i deficiency), full gene sequence ndufs4 (nadh dehydrogenase [ubiquinone] fe-s protein 4, 18kda [nadh-coenzyme q reductase]) (eg, leigh syndrome, mitochondrial complex i deficiency), full gene sequence nipa1 (non-imprinted in prader-willi/angelman syndrome 1) (eg, spastic paraplegia), full gene sequence nlgn4x (neuroligin 4, x-linked) (eg, autism spectrum disorders), duplication/deletion analysis npc2 (niemann-pick disease, type c2 [epididymal secretory protein e1]) (eg, niemann-pick disease type c2), full gene sequence nr0b1 (nuclear receptor subfamily 0, group b, member 1) (eg, congenital adrenal hypoplasia), full gene sequence pdx1 (pancreatic and duodenal homeobox 1) (eg, maturity-onset diabetes of the young [mody]), full gene sequence phox2b (paired-like homeobox 2b) (eg, congenital central hypoventilation syndrome), full gene sequence plp1 (proteolipid protein 1) (eg, pelizaeus-merzbacher disease, spastic paraplegia), duplication/deletion analysis pqbp1 (polyglutamine binding protein 1) (eg, renpenning syndrome), duplication/deletion analysis prnp (prion protein) (eg, genetic prion disease), full gene sequence prop1 (prop paired-like homeobox 1) (eg, combined pituitary hormone deficiency), full gene sequence prph2 (peripherin 2 [retinal degeneration, slow]) (eg, retinitis pigmentosa), full gene sequence prss1 (protease, serine, 1 [trypsin 1]) (eg, hereditary pancreatitis), full gene sequence raf1 (v-raf-1 murine leukemia viral oncogene homolog 1) (eg, leopard syndrome), targeted sequence analysis (eg, exons 7, 12, 14, 17) ret (ret proto-oncogene) (eg, multiple endocrine neoplasia, type 2b and familial medullary thyroid carcinoma), common variants (eg, m918t, 2647_2648delinstt, a883f) rho (rhodopsin) (eg, retinitis pigmentosa), full gene sequence rp1 (retinitis pigmentosa 1) (eg, retinitis pigmentosa), full gene sequence scn1b (sodium channel, voltage-gated, type i, beta) (eg, brugada syndrome), full gene sequence sco2 (sco cytochrome oxidase deficient homolog 2 [sco1l]) (eg, mitochondrial respiratory chain complex iv deficiency), full gene sequence sdhc (succinate dehydrogenase complex, subunit c, integral membrane protein, 15kda) (eg, hereditary paraganglioma-pheochromocytoma syndrome), duplication/deletion analysis sdhd (succinate dehydrogenase complex, subunit d, integral membrane protein) (eg, hereditary paraganglioma), full gene sequence sgcg (sarcoglycan, gamma [35kda dystrophin-associated glycoprotein]) (eg, limb-girdle muscular dystrophy), duplication/deletion analysis sh2d1a (sh2 domain containing 1a) (eg, x-linked lymphoproliferative syndrome), full gene sequence slc16a2 (solute carrier family 16, member 2 [thyroid hormone transporter]) (eg, specific thyroid hormone cell transporter deficiency, allan-herndon-dudley syndrome), duplication/deletion analysis slc25a20 (solute carrier family 25 [carnitine/acylcarnitine translocase], member 20) (eg, carnitine-acylcarnitine translocase deficiency), duplication/deletion analysis slc25a4 (solute carrier family 25 [mitochondrial carrier; adenine nucleotide translocator], member 4) (eg, progressive external ophthalmoplegia), full gene sequence sod1 (superoxide dismutase 1, soluble) (eg, amyotrophic lateral sclerosis), full gene sequence spink1 (serine peptidase inhibitor, kazal type 1) (eg, hereditary pancreatitis), full gene sequence stk11 (serine/threonine kinase 11) (eg, peutz-jeghers syndrome), duplication/deletion analysis taco1 (translational activator of mitochondrial encoded cytochrome c oxidase i) (eg, mitochondrial respiratory chain complex iv deficiency), full gene sequence thap1 (thap domain containing, apoptosis associated protein 1) (eg, torsion dystonia), full gene sequence tor1a (torsin family 1, member a [torsin a]) (eg, torsion dystonia), full gene sequence ttpa (tocopherol [alpha] transfer protein) (eg, ataxia), full gene sequence ttr (transthyretin) (eg, familial transthyretin amyloidosis), full gene sequence twist1 (twist homolog 1 [drosophila]) (eg, saethre-chotzen syndrome), full gene sequence tyr (tyrosinase [oculocutaneous albinism ia]) (eg, oculocutaneous albinism ia), full gene sequence ugt1a1 (udp glucuronosyltransferase 1 family, polypeptide a1) (eg, hereditary unconjugated hyperbilirubinemia [crigler-najjar syndrome]) full gene sequence ush1g (usher syndrome 1g [autosomal recessive]) (eg, usher syndrome, type 1), full gene sequence vhl (von hippel-lindau tumor suppressor) (eg, von hippel-lindau familial cancer syndrome), full gene sequence vwf (von willebrand factor) (eg, von willebrand disease type 1c), targeted sequence analysis (eg, exons 26, 27, 37) zeb2 (zinc finger e-box binding homeobox 2) (eg, mowat-wilson syndrome), duplication/deletion analysis"
2026,81405,,20260101,N,00301.35,Mopath procedure level 6,Molecular pathology procedure level 6 genetic analysis,"Molecular pathology procedure, level 6 (eg, analysis of 6-10 exons by dna sequence analysis, mutation scanning or duplication/deletion variants of 11-25 exons, regionally targeted cytogenomic array analysis) abcd1 (atp-binding cassette, sub-family d [ald], member 1) (eg, adrenoleukodystrophy), full gene sequence acads (acyl-coa dehydrogenase, c-2 to c-3 short chain) (eg, short chain acyl-coa dehydrogenase deficiency), full gene sequence acta2 (actin, alpha 2, smooth muscle, aorta) (eg, thoracic aortic aneurysms and aortic dissections), full gene sequence actc1 (actin, alpha, cardiac muscle 1) (eg, familial hypertrophic cardiomyopathy), full gene sequence ankrd1 (ankyrin repeat domain 1) (eg, dilated cardiomyopathy), full gene sequence aptx (aprataxin) (eg, ataxia with oculomotor apraxia 1), full gene sequence arsa (arylsulfatase a) (eg, arylsulfatase a deficiency), full gene sequence bckdha (branched chain keto acid dehydrogenase e1, alpha polypeptide) (eg, maple syrup urine disease, type 1a), full gene sequence bcs1l (bcs1-like [s. cerevisiae]) (eg, leigh syndrome, mitochondrial complex iii deficiency, gracile syndrome), full gene sequence bmpr2 (bone morphogenetic protein receptor, type ii [serine/threonine kinase]) (eg, heritable pulmonary arterial hypertension), duplication/deletion analysis casq2 (calsequestrin 2 [cardiac muscle]) (eg, catecholaminergic polymorphic ventricular tachycardia), full gene sequence casr (calcium-sensing receptor) (eg, hypocalcemia), full gene sequence cdkl5 (cyclin-dependent kinase-like 5) (eg, early infantile epileptic encephalopathy), duplication/deletion analysis chrna4 (cholinergic receptor, nicotinic, alpha 4) (eg, nocturnal frontal lobe epilepsy), full gene sequence chrnb2 (cholinergic receptor, nicotinic, beta 2 [neuronal]) (eg, nocturnal frontal lobe epilepsy), full gene sequence cox10 (cox10 homolog, cytochrome c oxidase assembly protein) (eg, mitochondrial respiratory chain complex iv deficiency), full gene sequence cox15 (cox15 homolog, cytochrome c oxidase assembly protein) (eg, mitochondrial respiratory chain complex iv deficiency), full gene sequence cpox (coproporphyrinogen oxidase) (eg, hereditary coproporphyria), full gene sequence ctrc (chymotrypsin c) (eg, hereditary pancreatitis), full gene sequence cyp11b1 (cytochrome p450, family 11, subfamily b, polypeptide 1) (eg, congenital adrenal hyperplasia), full gene sequence cyp17a1 (cytochrome p450, family 17, subfamily a, polypeptide 1) (eg, congenital adrenal hyperplasia), full gene sequence cyp21a2 (cytochrome p450, family 21, subfamily a, polypeptide2) (eg, steroid 21-hydroxylase isoform, congenital adrenal hyperplasia), full gene sequence cytogenomic constitutional targeted microarray analysis of chromosome 22q13 by interrogation of genomic regions for copy number and single nucleotide polymorphism (snp) variants for chromosomal abnormalities (when performing cytogenomic [genome-wide] analysis for constitutional chromosomal abnormalities, see 81228, 81229, 81349) (do not report analyte-specific molecular pathology procedures separately when the specific analytes are included as part of the microarray analysis of chromosome 22q13) (do not report 88271 when performing cytogenomic microarray analysis) dbt (dihydrolipoamide branched chain transacylase e2) (eg, maple syrup urine disease, type 2), duplication/deletion analysis dcx (doublecortin) (eg, x-linked lissencephaly), full gene sequence des (desmin) (eg, myofibrillar myopathy), full gene sequence dfnb59 (deafness, autosomal recessive 59) (eg, autosomal recessive nonsyndromic hearing impairment), full gene sequence dguok (deoxyguanosine kinase) (eg, hepatocerebral mitochondrial dna depletion syndrome), full gene sequence dhcr7 (7-dehydrocholesterol reductase) (eg, smith-lemli-opitz syndrome), full gene sequence eif2b2 (eukaryotic translation initiation factor 2b, subunit 2 beta, 39kda) (eg, leukoencephalopathy with vanishing white matter), full gene sequence emd (emerin) (eg, emery-dreifuss muscular dystrophy), full gene sequence eng (endoglin) (eg, hereditary hemorrhagic telangiectasia, type 1), duplication/deletion analysis eya1 (eyes absent homolog 1 [drosophila]) (eg, branchio-oto-renal [bor] spectrum disorders), duplication/deletion analysis fgfr1 (fibroblast growth factor receptor 1) (eg, kallmann syndrome 2), full gene sequence fh (fumarate hydratase) (eg, fumarate hydratase deficiency, hereditary leiomyomatosis with renal cell cancer), full gene sequence fktn (fukutin) (eg, limb-girdle muscular dystrophy [lgmd] type 2m or 2l), full gene sequence ftsj1 (ftsj rna 2'-o-methyltransferase 1) (eg, x-linked intellectual disability 9), duplication/deletion analysis gabrg2 (gamma-aminobutyric acid [gaba] a receptor, gamma 2) (eg, generalized epilepsy with febrile seizures), full gene sequence gch1 (gtp cyclohydrolase 1) (eg, autosomal dominant dopa-responsive dystonia), full gene sequence gdap1 (ganglioside-induced differentiation-associated protein 1) (eg, charcot-marie-tooth disease), full gene sequence gfap (glial fibrillary acidic protein) (eg, alexander disease), full gene sequence ghr (growth hormone receptor) (eg, laron syndrome), full gene sequence ghrhr (growth hormone releasing hormone receptor) (eg, growth hormone deficiency), full gene sequence gla (galactosidase, alpha) (eg, fabry disease), full gene sequence hnf1a (hnf1 homeobox a) (eg, maturity-onset diabetes of the young [mody]), full gene sequence hnf1b (hnf1 homeobox b) (eg, maturity-onset diabetes of the young [mody]), full gene sequence htra1 (htra serine peptidase 1) (eg, macular degeneration), full gene sequence ids (iduronate 2-sulfatase) (eg, mucopolysacchridosis, type ii), full gene sequence il2rg (interleukin 2 receptor, gamma) (eg, x-linked severe combined immunodeficiency), full gene sequence ispd (isoprenoid synthase domain containing) (eg, muscle-eye-brain disease, walker-warburg syndrome), full gene sequence kras (kirsten rat sarcoma viral oncogene homolog) (eg, noonan syndrome), full gene sequence lamp2 (lysosomal-associated membrane protein 2) (eg, danon disease), full gene sequence ldlr (low density lipoprotein receptor) (eg, familial hypercholesterolemia), duplication/deletion analysis men1 (multiple endocrine neoplasia i) (eg, multiple endocrine neoplasia type 1, wermer syndrome), full gene sequence mmaa (methylmalonic aciduria [cobalamine deficiency] type a) (eg, mmaa-related methylmalonic acidemia), full gene sequence mmab (methylmalonic aciduria [cobalamine deficiency] type b) (eg, mmaa-related methylmalonic acidemia), full gene sequence mpi (mannose phosphate isomerase) (eg, congenital disorder of glycosylation 1b), full gene sequence mpv17 (mpv17 mitochondrial inner membrane protein) (eg, mitochondrial dna depletion syndrome), full gene sequence mpz (myelin protein zero) (eg, charcot-marie-tooth), full gene sequence mtm1 (myotubularin 1) (eg, x-linked centronuclear myopathy), duplication/deletion analysis myl2 (myosin, light chain 2, regulatory, cardiac, slow) (eg, familial hypertrophic cardiomyopathy), full gene sequence myl3 (myosin, light chain 3, alkali, ventricular, skeletal, slow) (eg, familial hypertrophic cardiomyopathy), full gene sequence myot (myotilin) (eg, limb-girdle muscular dystrophy), full gene sequence ndufs7 (nadh dehydrogenase [ubiquinone] fe-s protein 7, 20kda [nadh-coenzyme q reductase]) (eg, leigh syndrome, mitochondrial complex i deficiency), full gene sequence ndufs8 (nadh dehydrogenase [ubiquinone] fe-s protein 8, 23kda [nadh-coenzyme q reductase]) (eg, leigh syndrome, mitochondrial complex i deficiency), full gene sequence ndufv1 (nadh dehydrogenase [ubiquinone] flavoprotein 1, 51kda) (eg, leigh syndrome, mitochondrial complex i deficiency), full gene sequence nefl (neurofilament, light polypeptide) (eg, charcot-marie-tooth), full gene sequence nf2 (neurofibromin 2 [merlin]) (eg, neurofibromatosis, type 2), duplication/deletion analysis nlgn3 (neuroligin 3) (eg, autism spectrum disorders), full gene sequence nlgn4x (neuroligin 4, x-linked) (eg, autism spectrum disorders), full gene sequence nphp1 (nephronophthisis 1 [juvenile]) (eg, joubert syndrome), deletion analysis, and duplication analysis, if performed nphs2 (nephrosis 2, idiopathic, steroid-resistant [podocin]) (eg, steroid-resistant nephrotic syndrome), full gene sequence nsd1 (nuclear receptor binding set domain protein 1) (eg, sotos syndrome), duplication/deletion analysis otc (ornithine carbamoyltransferase) (eg, ornithine transcarbamylase deficiency), full gene sequence pafah1b1 (platelet-activating factor acetylhydrolase 1b, regulatory subunit 1 [45kda]) (eg, lissencephaly, miller-dieker syndrome), duplication/deletion analysis park2 (parkinson protein 2, e3 ubiquitin protein ligase [parkin]) (eg, parkinson disease), duplication/deletion analysis pcca (propionyl coa carboxylase, alpha polypeptide) (eg, propionic acidemia, type 1), duplication/deletion analysis pcdh19 (protocadherin 19) (eg, epileptic encephalopathy), full gene sequence pdha1 (pyruvate dehydrogenase [lipoamide] alpha 1) (eg, lactic acidosis), duplication/deletion analysis pdhb (pyruvate dehydrogenase [lipoamide] beta) (eg, lactic acidosis), full gene sequence pink1 (pten induced putative kinase 1) (eg, parkinson disease), full gene sequence pklr (pyruvate kinase, liver and rbc) (eg, pyruvate kinase deficiency), full gene sequence plp1 (proteolipid protein 1) (eg, pelizaeus-merzbacher disease, spastic paraplegia), full gene sequence pou1f1 (pou class 1 homeobox 1) (eg, combined pituitary hormone deficiency), full gene sequence prx (periaxin) (eg, charcot-marie-tooth disease), full gene sequence pqbp1 (polyglutamine binding protein 1) (eg, renpenning syndrome), full gene sequence psen1 (presenilin 1) (eg, alzheimer disease), full gene sequence rab7a (rab7a, member ras oncogene family) (eg, charcot-marie-tooth disease), full gene sequence rai1 (retinoic acid induced 1) (eg, smith-magenis syndrome), full gene sequence"
2026,81406,,20260101,N,00282.88,Mopath procedure level 7,Molecular pathology procedure level 7 genetic analysis,"Molecular pathology procedure, level 7 (eg, analysis of 11-25 exons by dna sequence analysis, mutation scanning or duplication/deletion variants of 26-50 exons) acadvl (acyl-coa dehydrogenase, very long chain) (eg, very long chain acyl-coenzyme a dehydrogenase deficiency), full gene sequence actn4 (actinin, alpha 4) (eg, focal segmental glomerulosclerosis), full gene sequence afg3l2 (afg3 atpase family gene 3-like 2 [s. cerevisiae]) (eg, spinocerebellar ataxia), full gene sequence aire (autoimmune regulator) (eg, autoimmune polyendocrinopathy syndrome type 1), full gene sequence aldh7a1 (aldehyde dehydrogenase 7 family, member a1) (eg, pyridoxine-dependent epilepsy), full gene sequence ano5 (anoctamin 5) (eg, limb-girdle muscular dystrophy), full gene sequence anos1 (anosmin-1) (eg, kallmann syndrome 1), full gene sequence app (amyloid beta [a4] precursor protein) (eg, alzheimer disease), full gene sequence ass1 (argininosuccinate synthase 1) (eg, citrullinemia type i), full gene sequence atl1 (atlastin gtpase 1) (eg, spastic paraplegia), full gene sequence atp1a2 (atpase, na+/k+ transporting, alpha 2 polypeptide) (eg, familial hemiplegic migraine), full gene sequence atp7b (atpase, cu++ transporting, beta polypeptide) (eg, wilson disease), full gene sequence bbs1 (bardet-biedl syndrome 1) (eg, bardet-biedl syndrome), full gene sequence bbs2 (bardet-biedl syndrome 2) (eg, bardet-biedl syndrome), full gene sequence bckdhb (branched-chain keto acid dehydrogenase e1, beta polypeptide) (eg, maple syrup urine disease, type 1b), full gene sequence best1 (bestrophin 1) (eg, vitelliform macular dystrophy), full gene sequence bmpr2 (bone morphogenetic protein receptor, type ii [serine/threonine kinase]) (eg, heritable pulmonary arterial hypertension), full gene sequence braf (b-raf proto-oncogene, serine/threonine kinase) (eg, noonan syndrome), full gene sequence bscl2 (berardinelli-seip congenital lipodystrophy 2 [seipin]) (eg, berardinelli-seip congenital lipodystrophy), full gene sequence btk (bruton agammaglobulinemia tyrosine kinase) (eg, x-linked agammaglobulinemia), full gene sequence cacnb2 (calcium channel, voltage-dependent, beta 2 subunit) (eg, brugada syndrome), full gene sequence capn3 (calpain 3) (eg, limb-girdle muscular dystrophy [lgmd] type 2a, calpainopathy), full gene sequence cbs (cystathionine-beta-synthase) (eg, homocystinuria, cystathionine beta-synthase deficiency), full gene sequence cdh1 (cadherin 1, type 1, e-cadherin [epithelial]) (eg, hereditary diffuse gastric cancer), full gene sequence cdkl5 (cyclin-dependent kinase-like 5) (eg, early infantile epileptic encephalopathy), full gene sequence clcn1 (chloride channel 1, skeletal muscle) (eg, myotonia congenita), full gene sequence clcnkb (chloride channel, voltage-sensitive kb) (eg, bartter syndrome 3 and 4b), full gene sequence cntnap2 (contactin-associated protein-like 2) (eg, pitt-hopkins-like syndrome 1), full gene sequence col6a2 (collagen, type vi, alpha 2) (eg, collagen type vi-related disorders), duplication/deletion analysis cpt1a (carnitine palmitoyltransferase 1a [liver]) (eg, carnitine palmitoyltransferase 1a [cpt1a] deficiency), full gene sequence crb1 (crumbs homolog 1 [drosophila]) (eg, leber congenital amaurosis), full gene sequence crebbp (creb binding protein) (eg, rubinstein-taybi syndrome), duplication/deletion analysis dbt (dihydrolipoamide branched chain transacylase e2) (eg, maple syrup urine disease, type 2), full gene sequence dlat (dihydrolipoamide s-acetyltransferase) (eg, pyruvate dehydrogenase e2 deficiency), full gene sequence dld (dihydrolipoamide dehydrogenase) (eg, maple syrup urine disease, type iii), full gene sequence dsc2 (desmocollin) (eg, arrhythmogenic right ventricular dysplasia/cardiomyopathy 11), full gene sequence dsg2 (desmoglein 2) (eg, arrhythmogenic right ventricular dysplasia/cardiomyopathy 10), full gene sequence dsp (desmoplakin) (eg, arrhythmogenic right ventricular dysplasia/cardiomyopathy 8), full gene sequence efhc1 (ef-hand domain [c-terminal] containing 1) (eg, juvenile myoclonic epilepsy), full gene sequence eif2b3 (eukaryotic translation initiation factor 2b, subunit 3 gamma, 58kda) (eg, leukoencephalopathy with vanishing white matter), full gene sequence eif2b4 (eukaryotic translation initiation factor 2b, subunit 4 delta, 67kda) (eg, leukoencephalopathy with vanishing white matter), full gene sequence eif2b5 (eukaryotic translation initiation factor 2b, subunit 5 epsilon, 82kda) (eg, childhood ataxia with central nervous system hypomyelination/vanishing white matter), full gene sequence eng (endoglin) (eg, hereditary hemorrhagic telangiectasia, type 1), full gene sequence eya1 (eyes absent homolog 1 [drosophila]) (eg, branchio-oto-renal [bor] spectrum disorders), full gene sequence f8 (coagulation factor viii) (eg, hemophilia a), duplication/deletion analysis fah (fumarylacetoacetate hydrolase [fumarylacetoacetase]) (eg, tyrosinemia, type 1), full gene sequence fastkd2 (fast kinase domains 2) (eg, mitochondrial respiratory chain complex iv deficiency), full gene sequence fig4 (fig4 homolog, sac1 lipid phosphatase domain containing [s. cerevisiae]) (eg, charcot-marie-tooth disease), full gene sequence ftsj1 (ftsj rna 2'-o-methyltransferase 1) (eg, x-linked intellectual disability 9), full gene sequence fus (fused in sarcoma) (eg, amyotrophic lateral sclerosis), full gene sequence gaa (glucosidase, alpha; acid) (eg, glycogen storage disease type ii [pompe disease]), full gene sequence galc (galactosylceramidase) (eg, krabbe disease), full gene sequence galt (galactose-1-phosphate uridylyltransferase) (eg, galactosemia), full gene sequence gars (glycyl-trna synthetase) (eg, charcot-marie-tooth disease), full gene sequence gcdh (glutaryl-coa dehydrogenase) (eg, glutaricacidemia type 1), full gene sequence gck (glucokinase [hexokinase 4]) (eg, maturity-onset diabetes of the young [mody]), full gene sequence glud1 (glutamate dehydrogenase 1) (eg, familial hyperinsulinism), full gene sequence gne (glucosamine [udp-n-acetyl]-2-epimerase/n-acetylmannosamine kinase) (eg, inclusion body myopathy 2 [ibm2], nonaka myopathy), full gene sequence grn (granulin) (eg, frontotemporal dementia), full gene sequence hadha (hydroxyacyl-coa dehydrogenase/3-ketoacyl-coa thiolase/enoyl-coa hydratase [trifunctional protein] alpha subunit) (eg, long chain acyl-coenzyme a dehydrogenase deficiency), full gene sequence hadhb (hydroxyacyl-coa dehydrogenase/3-ketoacyl-coa thiolase/enoyl-coa hydratase [trifunctional protein], beta subunit) (eg, trifunctional protein deficiency), full gene sequence hexa (hexosaminidase a, alpha polypeptide) (eg, tay-sachs disease), full gene sequence hlcs (hlcs holocarboxylase synthetase) (eg, holocarboxylase synthetase deficiency), full gene sequence hmbs (hydroxymethylbilane synthase) (eg, acute intermittent porphyria), full gene sequence hnf4a (hepatocyte nuclear factor 4, alpha) (eg, maturity-onset diabetes of the young [mody]), full gene sequence idua (iduronidase, alpha-l-) (eg, mucopolysaccharidosis type i), full gene sequence inf2 (inverted formin, fh2 and wh2 domain containing) (eg, focal segmental glomerulosclerosis), full gene sequence ivd (isovaleryl-coa dehydrogenase) (eg, isovaleric acidemia), full gene sequence jag1 (jagged 1) (eg, alagille syndrome), duplication/deletion analysis jup (junction plakoglobin) (eg, arrhythmogenic right ventricular dysplasia/cardiomyopathy 11), full gene sequence kcnh2 (potassium voltage-gated channel, subfamily h [eag-related], member 2) (eg, short qt syndrome, long qt syndrome), full gene sequence kcnq1 (potassium voltage-gated channel, kqt-like subfamily, member 1) (eg, short qt syndrome, long qt syndrome), full gene sequence kcnq2 (potassium voltage-gated channel, kqt-like subfamily, member 2) (eg, epileptic encephalopathy), full gene sequence ldb3 (lim domain binding 3) (eg, familial dilated cardiomyopathy, myofibrillar myopathy), full gene sequence ldlr (low density lipoprotein receptor) (eg, familial hypercholesterolemia), full gene sequence lepr (leptin receptor) (eg, obesity with hypogonadism), full gene sequence lhcgr (luteinizing hormone/choriogonadotropin receptor) (eg, precocious male puberty), full gene sequence lmna (lamin a/c) (eg, emery-dreifuss muscular dystrophy [edmd1, 2 and 3] limb-girdle muscular dystrophy [lgmd] type 1b, dilated cardiomyopathy [cmd1a], familial partial lipodystrophy [fpld2]), full gene sequence lrp5 (low density lipoprotein receptor-related protein 5) (eg, osteopetrosis), full gene sequence map2k1 (mitogen-activated protein kinase 1) (eg, cardiofaciocutaneous syndrome), full gene sequence map2k2 (mitogen-activated protein kinase 2) (eg, cardiofaciocutaneous syndrome), full gene sequence mapt (microtubule-associated protein tau) (eg, frontotemporal dementia), full gene sequence mccc1 (methylcrotonoyl-coa carboxylase 1 [alpha]) (eg, 3-methylcrotonyl-coa carboxylase deficiency), full gene sequence mccc2 (methylcrotonoyl-coa carboxylase 2 [beta]) (eg, 3-methylcrotonyl carboxylase deficiency), full gene sequence mfn2 (mitofusin 2) (eg, charcot-marie-tooth disease), full gene sequence mtm1 (myotubularin 1) (eg, x-linked centronuclear myopathy), full gene sequence mut (methylmalonyl coa mutase) (eg, methylmalonic acidemia), full gene sequence mutyh (muty homolog [e. coli]) (eg, myh-associated polyposis), full gene sequence ndufs1 (nadh dehydrogenase [ubiquinone] fe-s protein 1, 75kda [nadh-coenzyme q reductase]) (eg, leigh syndrome, mitochondrial complex i deficiency), full gene sequence nf2 (neurofibromin 2 [merlin]) (eg, neurofibromatosis, type 2), full gene sequence notch3 (notch 3) (eg, cerebral autosomal dominant arteriopathy with subcortical infarcts and leukoencephalopathy [cadasil]), targeted sequence analysis (eg, exons 1-23) npc1 (niemann-pick disease, type c1) (eg, niemann-pick disease), full gene sequence nphp1 (nephronophthisis 1 [juvenile]) (eg, joubert syndrome), full gene sequence nsd1 (nuc"
2026,81407,,20260101,N,00846.27,Mopath procedure level 8,Molecular pathology procedure level 8 genetic analysis,"Molecular pathology procedure, level 8 (eg, analysis of 26-50 exons by dna sequence analysis, mutation scanning or duplication/deletion variants of >50 exons, sequence analysis of multiple genes on one platform) abcc8 (atp-binding cassette, sub-family c [cftr/mrp], member 8) (eg, familial hyperinsulinism), full gene sequence agl (amylo-alpha-1, 6-glucosidase, 4-alpha-glucanotransferase) (eg, glycogen storage disease type iii), full gene sequence ahi1 (abelson helper integration site 1) (eg, joubert syndrome), full gene sequence apob (apolipoprotein b) (eg, familial hypercholesterolemia type b) full gene sequence aspm (asp [abnormal spindle] homolog, microcephaly associated [drosophila]) (eg, primary microcephaly), full gene sequence chd7 (chromodomain helicase dna binding protein 7) (eg, charge syndrome), full gene sequence col4a4 (collagen, type iv, alpha 4) (eg, alport syndrome), full gene sequence col4a5 (collagen, type iv, alpha 5) (eg, alport syndrome), duplication/deletion analysis col6a1 (collagen, type vi, alpha 1) (eg, collagen type vi-related disorders), full gene sequence col6a2 (collagen, type vi, alpha 2) (eg, collagen type vi-related disorders), full gene sequence col6a3 (collagen, type vi, alpha 3) (eg, collagen type vi-related disorders), full gene sequence crebbp (creb binding protein) (eg, rubinstein-taybi syndrome), full gene sequence f8 (coagulation factor viii) (eg, hemophilia a), full gene sequence jag1 (jagged 1) (eg, alagille syndrome), full gene sequence kdm5c (lysine demethylase 5c) (eg, x-linked intellectual disability), full gene sequence kiaa0196 (kiaa0196) (eg, spastic paraplegia), full gene sequence l1cam (l1 cell adhesion molecule) (eg, masa syndrome, x-linked hydrocephaly), full gene sequence lamb2 (laminin, beta 2 [laminin s]) (eg, pierson syndrome), full gene sequence mybpc3 (myosin binding protein c, cardiac) (eg, familial hypertrophic cardiomyopathy), full gene sequence myh6 (myosin, heavy chain 6, cardiac muscle, alpha) (eg, familial dilated cardiomyopathy), full gene sequence myh7 (myosin, heavy chain 7, cardiac muscle, beta) (eg, familial hypertrophic cardiomyopathy, liang distal myopathy), full gene sequence myo7a (myosin viia) (eg, usher syndrome, type 1), full gene sequence notch1 (notch 1) (eg, aortic valve disease), full gene sequence nphs1 (nephrosis 1, congenital, finnish type [nephrin]) (eg, congenital finnish nephrosis), full gene sequence opa1 (optic atrophy 1) (eg, optic atrophy), full gene sequence pcdh15 (protocadherin-related 15) (eg, usher syndrome, type 1), full gene sequence pkd1 (polycystic kidney disease 1 [autosomal dominant]) (eg, polycystic kidney disease), full gene sequence plce1 (phospholipase c, epsilon 1) (eg, nephrotic syndrome type 3), full gene sequence scn1a (sodium channel, voltage-gated, type 1, alpha subunit) (eg, generalized epilepsy with febrile seizures), full gene sequence scn5a (sodium channel, voltage-gated, type v, alpha subunit) (eg, familial dilated cardiomyopathy), full gene sequence slc12a1 (solute carrier family 12 [sodium/potassium/chloride transporters], member 1) (eg, bartter syndrome), full gene sequence slc12a3 (solute carrier family 12 [sodium/chloride transporters], member 3) (eg, gitelman syndrome), full gene sequence spg11 (spastic paraplegia 11 [autosomal recessive]) (eg, spastic paraplegia), full gene sequence sptbn2 (spectrin, beta, non-erythrocytic 2) (eg, spinocerebellar ataxia), full gene sequence tmem67 (transmembrane protein 67) (eg, joubert syndrome), full gene sequence tsc2 (tuberous sclerosis 2) (eg, tuberous sclerosis), full gene sequence ush1c (usher syndrome 1c [autosomal recessive, severe]) (eg, usher syndrome, type 1), full gene sequence vps13b (vacuolar protein sorting 13 homolog b [yeast]) (eg, cohen syndrome), duplication/deletion analysis wdr62 (wd repeat domain 62) (eg, primary autosomal recessive microcephaly), full gene sequence"
2026,81408,,20260101,N,02000.00,Mopath procedure level 9,Molecular pathology procedure level 9 genetic analysis,"Molecular pathology procedure, level 9 (eg, analysis of >50 exons in a single gene by dna sequence analysis) abca4 (atp-binding cassette, sub-family a [abc1], member 4) (eg, stargardt disease, age-related macular degeneration), full gene sequence atm (ataxia telangiectasia mutated) (eg, ataxia telangiectasia), full gene sequence cdh23 (cadherin-related 23) (eg, usher syndrome, type 1), full gene sequence cep290 (centrosomal protein 290kda) (eg, joubert syndrome), full gene sequence col1a1 (collagen, type i, alpha 1) (eg, osteogenesis imperfecta, type i), full gene sequence col1a2 (collagen, type i, alpha 2) (eg, osteogenesis imperfecta, type i), full gene sequence col4a1 (collagen, type iv, alpha 1) (eg, brain small-vessel disease with hemorrhage), full gene sequence col4a3 (collagen, type iv, alpha 3 [goodpasture antigen]) (eg, alport syndrome), full gene sequence col4a5 (collagen, type iv, alpha 5) (eg, alport syndrome), full gene sequence dmd (dystrophin) (eg, duchenne/becker muscular dystrophy), full gene sequence dysf (dysferlin, limb girdle muscular dystrophy 2b [autosomal recessive]) (eg, limb-girdle muscular dystrophy), full gene sequence fbn1 (fibrillin 1) (eg, marfan syndrome), full gene sequence itpr1 (inositol 1,4,5-trisphosphate receptor, type 1) (eg, spinocerebellar ataxia), full gene sequence lama2 (laminin, alpha 2) (eg, congenital muscular dystrophy), full gene sequence lrrk2 (leucine-rich repeat kinase 2) (eg, parkinson disease), full gene sequence myh11 (myosin, heavy chain 11, smooth muscle) (eg, thoracic aortic aneurysms and aortic dissections), full gene sequence neb (nebulin) (eg, nemaline myopathy 2), full gene sequence nf1 (neurofibromin 1) (eg, neurofibromatosis, type 1), full gene sequence pkhd1 (polycystic kidney and hepatic disease 1) (eg, autosomal recessive polycystic kidney disease), full gene sequence ryr1 (ryanodine receptor 1, skeletal) (eg, malignant hyperthermia), full gene sequence ryr2 (ryanodine receptor 2 [cardiac]) (eg, catecholaminergic polymorphic ventricular tachycardia, arrhythmogenic right ventricular dysplasia), full gene sequence or targeted sequence analysis of > 50 exons ush2a (usher syndrome 2a [autosomal recessive, mild]) (eg, usher syndrome, type 2), full gene sequence vps13b (vacuolar protein sorting 13 homolog b [yeast]) (eg, cohen syndrome), full gene sequence vwf (von willebrand factor) (eg, von willebrand disease types 1 and 3), full gene sequence"
2026,81410,,20260101,N,00504.00,Aortic dysfunction/dilation,"Test for detecting genes associated with heart disease, genomic sequence","Aortic dysfunction or dilation (eg, marfan syndrome, loeys dietz syndrome, ehler danlos syndrome type iv, arterial tortuosity syndrome); genomic sequence analysis panel, must include sequencing of at least 9 genes, including fbn1, tgfbr1, tgfbr2, col3a1, myh11, acta2, slc2a10, smad3, and mylk"
2026,81411,,20260101,N,01350.19,Aortic dysfunction/dilation,"Test for detecting genes associated with heart disease, duplication/deletion","Aortic dysfunction or dilation (eg, marfan syndrome, loeys dietz syndrome, ehler danlos syndrome type iv, arterial tortuosity syndrome); duplication/deletion analysis panel, must include analyses for tgfbr1, tgfbr2, myh11, and col3a1"
2026,81412,,20260101,N,02448.56,Ashkenazi jewish assoc dis,"Test for detecting genes for disorders related to Ashkenazi Jews, genomic","Ashkenazi jewish associated disorders (eg, bloom syndrome, canavan disease, cystic fibrosis, familial dysautonomia, fanconi anemia group c, gaucher disease, tay-sachs disease), genomic sequence analysis panel, must include sequencing of at least 9 genes, including aspa, blm, cftr, fancc, gba, hexa, ikbkap, mcoln1, and smpd1"
2026,81413,,20260101,N,00584.90,Car ion chnnlpath inc 10 gns,"Test for detecting genes associated with heart disease, genomic sequence","Cardiac ion channelopathies (eg, brugada syndrome, long qt syndrome, short qt syndrome, catecholaminergic polymorphic ventricular tachycardia); genomic sequence analysis panel, must include sequencing of at least 10 genes, including ank2, casq2, cav3, kcne1, kcne2, kcnh2, kcnj2, kcnq1, ryr2, and scn5a"
2026,81414,,20260101,N,00584.90,Car ion chnnlpath inc 2 gns,"Test for detecting genes associated with heart disease, duplication/deletion","Cardiac ion channelopathies (eg, brugada syndrome, long qt syndrome, short qt syndrome, catecholaminergic polymorphic ventricular tachycardia); duplication/deletion gene analysis panel, must include analysis of at least 2 genes, including kcnh2 and kcnq1"
2026,81415,,20260101,N,04780.00,Exome sequence analysis,"Test for detecting exome, sequence analysis","Exome (eg, unexplained constitutional or heritable disorder or syndrome); sequence analysis"
2026,81416,,20260101,N,12000.00,Exome sequence analysis,"Test for detecting exome, sequence analysis, each comparator exome","Exome (eg, unexplained constitutional or heritable disorder or syndrome); sequence analysis, each comparator exome (eg, parents, siblings) (list separately in addition to code for primary procedure)"
2026,81417,,20260101,N,00320.00,Exome re-evaluation,Reevaluation test of previously obtained exome sequence,"Exome (eg, unexplained constitutional or heritable disorder or syndrome); re-evaluation of previously obtained exome sequence (eg, updated knowledge or unrelated condition/syndrome)"
2026,81418,,20260101,N,00917.08,Rx metab gen seq alys pnl 6,Genomic sequence analysis panel of at least 6 genes associated with drug,"Drug metabolism (eg, pharmacogenomics) genomic sequence analysis panel, must include testing of at least 6 genes, including cyp2c19, cyp2d6, and cyp2d6 duplication/deletion analysis"
2026,81419,,20260101,N,02448.56,Epilepsy gen seq alys panel,Gene analysis panel for evaluation of genes associated with epilepsy,"Epilepsy genomic sequence analysis panel, must include analyses for aldh7a1, cacna1a, cdkl5, chd2, gabrg2, grin2a, kcnq2, mecp2, pcdh19, polg, prrt2, scn1a, scn1b, scn2a, scn8a, slc2a1, slc9a6, stxbp1, syngap1, tcf4, tpp1, tsc1, tsc2, and zeb2"
2026,81420,,20260101,N,00759.05,Fetal chrmoml aneuploidy,"Test for detecting genes associated with fetal disease, aneuploidy genomic","Fetal chromosomal aneuploidy (eg, trisomy 21, monosomy x) genomic sequence analysis panel, circulating cell-free fetal dna in maternal blood, must include analysis of chromosomes 13, 18, and 21"
2026,81422,,20260101,N,00759.05,Fetal chrmoml microdeltj,"Test for detecting genes associated with fetal disease, microdeletion(s)","Fetal chromosomal microdeletion(s) genomic sequence analysis (eg, digeorge syndrome, cri-du-chat syndrome), circulating cell-free fetal dna in maternal blood"
2026,81425,,20260101,N,05031.20,Genome sequence analysis,"Test for detecting genes associated with disease, genome sequence analysis","Genome (eg, unexplained constitutional or heritable disorder or syndrome); sequence analysis"
2026,81426,,20260101,N,02709.95,Genome sequence analysis,"Test for detecting genes associated with disease, genome sequence analysis,","Genome (eg, unexplained constitutional or heritable disorder or syndrome); sequence analysis, each comparator genome (eg, parents, siblings) (list separately in addition to code for primary procedure)"
2026,81427,,20260101,N,02337.65,Genome re-evaluation,Reevaluation test of previously obtained genome sequence,"Genome (eg, unexplained constitutional or heritable disorder or syndrome); re-evaluation of previously obtained genome sequence (eg, updated knowledge or unrelated condition/syndrome)"
2026,81430,,20260101,N,01625.00,Hearing loss sequence analys,"Test for detecting genes causing hearing loss genomic sequence analysis panel,","Hearing loss (eg, nonsyndromic hearing loss, usher syndrome, pendred syndrome); genomic sequence analysis panel, must include sequencing of at least 60 genes, including cdh23, clrn1, gjb2, gpr98, mtrnr1, myo7a, myo15a, pcdh15, otof, slc26a4, tmc1, tmprss3, ush1c, ush1g, ush2a, and wfs1"
2026,81431,,20260101,N,00679.57,Hearing loss dup/del analys,"Test for detecting genes causing hearing loss, duplication/deletion analysis","Hearing loss (eg, nonsyndromic hearing loss, usher syndrome, pendred syndrome); duplication/deletion analysis panel, must include copy number analyses for strc and dfnb1 deletions in gjb2 and gjb6 genes"
2026,81432,,20260101,N,01303.95,Hrdtry brst ca-rlatd do 5+,Test for detecting genes associated with inherited breast cancer-related,"Hereditary breast cancer-related disorders (eg, hereditary breast cancer, hereditary ovarian cancer, hereditary endometrial cancer, hereditary pancreatic cancer, hereditary prostate cancer), genomic sequence analysis panel, 5 or more genes, interrogation for sequence variants and copy number variants"
2026,81434,,20260101,N,00597.91,Hered rta do gen seq 15,"Gene analysis (retinal disorders), genomic sequence","Hereditary retinal disorders (eg, retinitis pigmentosa, leber congenital amaurosis, cone-rod dystrophy), genomic sequence analysis panel, must include sequencing of at least 15 genes, including abca4, cnga1, crb1, eys, pde6a, pde6b, prpf31, prph2, rdh12, rho, rp1, rp2, rpe65, rpgr, and ush2a"
2026,81435,,20260101,N,01303.95,Hered colon ca-rlatd do 5+,Test for detecting genes associated with inherited colon cancer-related,"Hereditary colon cancer-related disorders (eg, lynch syndrome, pten hamartoma syndrome, cowden syndrome, familial adenomatosis polyposis), genomic sequence analysis panel, 5 or more genes, interrogation for sequence variants and copy number variants"
2026,81437,,20260101,N,01303.95,Hered neuroend tum-rlt do 5+,Test for detecting genes associated with inherited neuroendocrine tumor-related,"Hereditary neuroendocrine tumor-related disorders (eg, medullary thyroid carcinoma, parathyroid carcinoma, malignant pheochromocytoma or paraganglioma), genomic sequence analysis panel, 5 or more genes, interrogation for sequence variants and copy number variants"
2026,81439,,20260101,N,00584.90,Hrdtry cardmypy gene panel,Test for detecting genes associated with inherited disease of heart muscle,"Hereditary cardiomyopathy (eg, hypertrophic cardiomyopathy, dilated cardiomyopathy, arrhythmogenic right ventricular cardiomyopathy), genomic sequence analysis panel, must include sequencing of at least 5 cardiomyopathy-related genes (eg, dsg2, mybpc3, myh7, pkp2, ttn)"
2026,81440,,20260101,N,03324.00,Mitochondrial gene,Test for detecting genes,"Nuclear encoded mitochondrial genes (eg, neurologic or myopathic phenotypes), genomic sequence panel, must include analysis of at least 100 genes, including bcs1l, c10orf2, coq2, cox10, dguok, mpv17, opa1, pdss2, polg, polg2, rrm2b, sco1, sco2, slc25a4, sucla2, suclg1, taz, tk2, and tymp"
2026,81441,,20260101,N,02448.56,Ibmfs seq alys pnl 30 genes,Gene sequence analysis panel at least 30 genes associated with inherited bone,"Inherited bone marrow failure syndromes (ibmfs) (eg, fanconi anemia, dyskeratosis congenita, diamond-blackfan anemia, shwachman-diamond syndrome, gata2 deficiency syndrome, congenital amegakaryocytic thrombocytopenia) sequence analysis panel, must include sequencing of at least 30 genes, including brca2, brip1, dkc1, fanca, fancb, fancc, fancd2, fance, fancf, fancg, fanci, fancl, gata1, gata2, mpl, nhp2, nop10, palb2, rad51c, rpl11, rpl35a, rpl5, rps10, rps19, rps24, rps26, rps7, sbds, tert, and tinf2"
2026,81442,,20260101,N,02143.60,Noonan spectrum disorders,Gene analysis (noonan syndrome) genomic sequence analysis,"Noonan spectrum disorders (eg, noonan syndrome, cardio-facio-cutaneous syndrome, costello syndrome, leopard syndrome, noonan-like syndrome), genomic sequence analysis panel, must include sequencing of at least 12 genes, including braf, cbl, hras, kras, map2k1, map2k2, nras, ptpn11, raf1, rit1, shoc2, and sos1"
2026,81443,,20260101,N,02448.56,Genetic tstg severe inh cond,Genomic sequence analysis panel for severe inherited conditions with sequencing,"Genetic testing for severe inherited conditions (eg, cystic fibrosis, ashkenazi jewish-associated disorders [eg, bloom syndrome, canavan disease, fanconi anemia type c, mucolipidosis type vi, gaucher disease, tay-sachs disease], beta hemoglobinopathies, phenylketonuria, galactosemia), genomic sequence analysis panel, must include sequencing of at least 15 genes (eg, acadm, arsa, aspa, atp7b, bckdha, bckdhb, blm, cftr, dhcr7, fancc, g6pc, gaa, galt, gba, gbe1, hbb, hexa, ikbkap, mcoln1, pah)"
2026,81445,,20260101,N,00597.91,So neo gsap 5-50dna/dna&rna,Genomic sequence analysis panel of DNA or combined DNA and RNA of 5-50 genes,"Solid organ neoplasm, genomic sequence analysis panel, 5-50 genes, interrogation for sequence variants and copy number variants or rearrangements, if performed; dna analysis or combined dna and rna analysis"
2026,81448,,20260101,N,00584.90,Hrdtry perph neurphy panel,Gene analysis panel for hereditary disorders of the peripheral nervous system,"Hereditary peripheral neuropathies (eg, charcot-marie-tooth, spastic paraplegia), genomic sequence analysis panel, must include sequencing of at least 5 peripheral neuropathy-related genes (eg, bscl2, gjb1, mfn2, mpz, reep1, spast, spg11, sptlc1)"
2026,81449,,20260101,N,00597.91,So neo gsap 5-50 rna alys,Genomic sequence analysis panel of RNA of 5-50 genes associated with solid,"Solid organ neoplasm, genomic sequence analysis panel, 5-50 genes, interrogation for sequence variants and copy number variants or rearrangements, if performed; rna analysis"
2026,81450,,20260101,N,00759.53,Hl neo gsap 5-50dna/dna&rna,Genomic sequence analysis panel of DNA or combined DNA and RNA of 5-50 genes,"Hematolymphoid neoplasm or disorder, genomic sequence analysis panel, 5-50 genes, interrogation for sequence variants, and copy number variants or rearrangements, or isoform expression or mrna expression levels, if performed; dna analysis or combined dna and rna analysis"
2026,81451,,20260101,N,00759.53,Hl neo gsap 5-50 rna alys,Genomic sequence analysis panel of RNA of 5-50 genes associated with blood and,"Hematolymphoid neoplasm or disorder, genomic sequence analysis panel, 5-50 genes, interrogation for sequence variants, and copy number variants or rearrangements, or isoform expression or mrna expression levels, if performed; rna analysis"
2026,81455,,20260101,N,02919.60,So/hl 51/>gsap dna/dna&rna,Genomic sequence analysis panel of DNA or combined DNA and RNA of 51 or more,"Solid organ or hematolymphoid neoplasm or disorder, 51 or greater genes, genomic sequence analysis panel, interrogation for sequence variants and copy number variants or rearrangements, or isoform expression or mrna expression levels, if performed; dna analysis or combined dna and rna analysis"
2026,81456,,20260101,N,02919.60,So/hl 51/>gsap rna alys,Genomic sequence analysis panel of RNA of 51 or more genes associated with,"Solid organ or hematolymphoid neoplasm or disorder, 51 or greater genes, genomic sequence analysis panel, interrogation for sequence variants and copy number variants or rearrangements, or isoform expression or mrna expression levels, if performed; rna analysis"
2026,81457,,20260101,N,00896.87,So neo gsap dna mcrstl ins,Genomic sequence analysis panel of DNA for microsatellite instability in solid,"Solid organ neoplasm, genomic sequence analysis panel, interrogation for sequence variants; dna analysis, microsatellite instability"
2026,81458,,20260101,N,01046.35,So gsap dna cpy nmbr&mcrstl,Genomic sequence analysis panel of DNA for microsatellite instability and copy,"Solid organ neoplasm, genomic sequence analysis panel, interrogation for sequence variants; dna analysis, copy number variants and microsatellite instability"
2026,81459,,20260101,N,02989.55,So neo gsap dna/dna&rna,Genomic sequence analysis panel of DNA or combined DNA and RNA for copy number,"Solid organ neoplasm, genomic sequence analysis panel, interrogation for sequence variants; dna analysis or combined dna and rna analysis, copy number variants, microsatellite instability, tumor mutation burden, and rearrangements"
2026,81460,,20260101,N,01287.00,Whole mitochondrial genome,"Test for detecting genes associated with disease, genomic sequence, must","Whole mitochondrial genome (eg, leigh syndrome, mitochondrial encephalomyopathy, lactic acidosis, and stroke-like episodes [melas], myoclonic epilepsy with ragged-red fibers [merff], neuropathy, ataxia, and retinitis pigmentosa [narp], leber hereditary optic neuropathy [lhon]), genomic sequence, must include sequence analysis of entire mitochondrial genome with heteroplasmy detection"
2026,81462,,20260101,N,01195.83,So gsap cll fr dna/dna&rna,Genomic sequence analysis of DNA or combined DNA and RNA in plasma for copy,"Solid organ neoplasm, genomic sequence analysis panel, cell-free nucleic acid (eg, plasma), interrogation for sequence variants; dna analysis or combined dna and rna analysis, copy number variants and rearrangements"
2026,81463,,20260101,N,01345.31,So gsap cl fr cpy nmbr&mcrst,Genomic sequence analysis of DNA in plasma for copy number variants and,"Solid organ neoplasm, genomic sequence analysis panel, cell-free nucleic acid (eg, plasma), interrogation for sequence variants; dna analysis, copy number variants, and microsatellite instability"
2026,81464,,20260101,N,03288.51,So gsap cll fr mcrstl ins,Genomic sequence analysis of DNA or combined DNA and RNA in plasma for copy,"Solid organ neoplasm, genomic sequence analysis panel, cell-free nucleic acid (eg, plasma), interrogation for sequence variants; dna analysis or combined dna and rna analysis, copy number variants, microsatellite instability, tumor mutation burden, and rearrangements"
2026,81465,,20260101,N,00936.00,Whole mitochondrial genome,"Test for detecting genes associated with disease, whole mitochondrial genome","Whole mitochondrial genome large deletion analysis panel (eg, kearns-sayre syndrome, chronic progressive external ophthalmoplegia), including heteroplasmy detection, if performed"
2026,81470,,20260101,N,00914.00,X-linked intellectual dblt,"Test for detecting genes associated with intellectual disability, genomic","X-linked intellectual disability (xlid) (eg, syndromic and non-syndromic xlid); genomic sequence analysis panel, must include sequencing of at least 60 genes, including arx, atrx, cdkl5, fgd1, fmr1, huwe1, il1rapl, kdm5c, l1cam, mecp2, med12, mid1, ocrl, rps6ka3, and slc16a2"
2026,81471,,20260101,N,00914.00,X-linked intellectual dblt,"Test for detecting genes associated with intellectual disability,","X-linked intellectual disability (xlid) (eg, syndromic and non-syndromic xlid); duplication/deletion gene analysis, must include analysis of at least 60 genes, including arx, atrx, cdkl5, fgd1, fmr1, huwe1, il1rapl, kdm5c, l1cam, mecp2, med12, mid1, ocrl, rps6ka3, and slc16a2"
2026,81490,,20260101,N,00840.65,Autoimmune ra alys 12 bmrk,Test for detecting genes associated with rheumatoid arthritis using immunoassay,"Autoimmune (rheumatoid arthritis), analysis of 12 biomarkers using immunoassays, utilizing serum, prognostic algorithm reported as a disease activity score"
2026,81493,,20260101,N,01050.00,Cor artery disease mrna,Test for detecting genes associated with heart vessels diseases,"Coronary artery disease, mrna, gene expression profiling by real-time rt-pcr of 23 genes, utilizing whole peripheral blood, algorithm reported as a risk score"
2026,81500,,20260101,N,00260.50,Onco (ovar) two proteins,"Genetic profiling on oncology biopsy of ovarian lesions, assays of two proteins","Oncology (ovarian), biochemical assays of two proteins (ca-125 and he4), utilizing serum, with menopausal status, algorithm reported as a risk score"
2026,81503,,20260101,N,00897.00,Onco (ovar) five proteins,"Genetic profiling on oncology biopsy of ovarian lesions, assays of five proteins","Oncology (ovarian), biochemical assays of five proteins (ca-125, apolipoprotein a1, beta-2 microglobulin, transferrin, and pre-albumin), utilizing serum, algorithm reported as a risk score"
2026,81504,,20260101,N,00520.00,Oncology tissue of origin,Genetic profiling on oncology biopsy lesions,"Oncology (tissue of origin), microarray gene expression profiling of > 2000 genes, utilizing formalin-fixed paraffin-embedded tissue, algorithm reported as tissue similarity scores"
2026,81506,,20260101,N,00068.92,Endo assay seven anal,"Endocrinology (type 2 diabetes), biochemical assays of seven analytes (glucose,","Endocrinology (type 2 diabetes), biochemical assays of seven analytes (glucose, hba1c, insulin, hs-crp, adiponectin, ferritin, interleukin 2-receptor alpha), utilizing serum or plasma, algorithm reporting a risk score"
2026,81507,,20260101,N,00795.00,Fetal aneuploidy trisom risk,DNA analysis using maternal plasma,"Fetal aneuploidy (trisomy 21, 18, and 13) dna sequence analysis of selected regions using maternal plasma, algorithm reported as a risk score for each trisomy"
2026,81508,,20260101,N,00054.30,Ftl cgen abnor two proteins,"Fetal congenital abnormalities, biochemical assays of two proteins (papp-a, hcg","Fetal congenital abnormalities, biochemical assays of two proteins (papp-a, hcg [any form]), utilizing maternal serum, algorithm reported as a risk score"
2026,81509,,20260101,N,01487.37,Ftl cgen abnor 3 proteins,"Fetal congenital abnormalities, biochemical assays of three proteins (papp-a,","Fetal congenital abnormalities, biochemical assays of three proteins (papp-a, hcg [any form], dia), utilizing maternal serum, algorithm reported as a risk score"
2026,81510,,20260101,N,00055.54,Ftl cgen abnor three anal,"Fetal congenital abnormalities, biochemical assays of three analytes (afp, ue3,","Fetal congenital abnormalities, biochemical assays of three analytes (afp, ue3, hcg [any form]), utilizing maternal serum, algorithm reported as a risk score"
2026,81511,,20260101,N,00153.50,Ftl cgen abnor four anal,"Fetal congenital abnormalities, biochemical assays of four analytes (afp, ue3,","Fetal congenital abnormalities, biochemical assays of four analytes (afp, ue3, hcg [any form], dia) utilizing maternal serum, algorithm reported as a risk score (may include additional results from previous biochemical testing)"
2026,81512,,20260101,N,00069.52,Ftl cgen abnor five anal,"Fetal congenital abnormalities, biochemical assays of five analytes (afp, ue3,","Fetal congenital abnormalities, biochemical assays of five analytes (afp, ue3, total hcg, hyperglycosylated hcg, dia) utilizing maternal serum, algorithm reported as a risk score"
2026,81513,,20260101,N,00142.63,Nfct ds bv rna vag flu alg,Measurement of RNA of bacteria in vaginal fluid specimen,"Infectious disease, bacterial vaginosis, quantitative real-time amplification of rna markers for atopobium vaginae, gardnerella vaginalis, and lactobacillus species, utilizing vaginal-fluid specimens, algorithm reported as a positive or negative result for bacterial vaginosis"
2026,81514,,20260101,N,00262.99,Nfct ds bv&vaginitis dna alg,Measurement of DNA of bacteria in vaginal fluid specimen,"Infectious disease, bacterial vaginosis and vaginitis, quantitative real-time amplification of dna markers for gardnerella vaginalis, atopobium vaginae, megasphaera type 1, bacterial vaginosis associated bacteria-2 (bvab-2), and lactobacillus species (l. crispatus and l. jensenii), utilizing vaginal-fluid specimens, algorithm reported as a positive or negative for high likelihood of bacterial vaginosis, includes separate detection of trichomonas vaginalis and/or candida species (c. albicans, c. tropicalis, c. parapsilosis, c. dubliniensis), candida glabrata, candida krusei, when reported"
2026,81514,QW,20260101,N,00262.99,Nfct ds bv&vaginitis dna alg,Measurement of DNA of bacteria in vaginal fluid specimen,"Infectious disease, bacterial vaginosis and vaginitis, quantitative real-time amplification of dna markers for gardnerella vaginalis, atopobium vaginae, megasphaera type 1, bacterial vaginosis associated bacteria-2 (bvab-2), and lactobacillus species (l. crispatus and l. jensenii), utilizing vaginal-fluid specimens, algorithm reported as a positive or negative for high likelihood of bacterial vaginosis, includes separate detection of trichomonas vaginalis and/or candida species (c. albicans, c. tropicalis, c. parapsilosis, c. dubliniensis), candida glabrata, candida krusei, when reported"
2026,81515,,20260101,N,00262.99,Nfct ds bv&vaginitis dna alg,Test for detection of bacteria causing vaginosis and vaginitis,"Infectious disease, bacterial vaginosis and vaginitis, real-time pcr amplification of dna markers for atopobium vaginae, atopobium species, megasphaera type 1, and bacterial vaginosis associated bacteria-2 (bvab-2), utilizing vaginal-fluid specimens, algorithm reported as positive or negative for high likelihood of bacterial vaginosis, includes separate detection of trichomonas vaginalis and candida species (c. albicans, c. tropicalis, c. parapsilosis, c. dubliniensis), candida glabrata/candida krusei, when reported"
2026,81515,QW,20260101,N,00262.99,Nfct ds bv&vaginitis dna alg,Test for detection of bacteria causing vaginosis and vaginitis,"Infectious disease, bacterial vaginosis and vaginitis, real-time pcr amplification of dna markers for atopobium vaginae, atopobium species, megasphaera type 1, and bacterial vaginosis associated bacteria-2 (bvab-2), utilizing vaginal-fluid specimens, algorithm reported as positive or negative for high likelihood of bacterial vaginosis, includes separate detection of trichomonas vaginalis and candida species (c. albicans, c. tropicalis, c. parapsilosis, c. dubliniensis), candida glabrata/candida krusei, when reported"
2026,81517,,20260101,N,00176.19,Liver ds alys 3 bmrk srm alg,Test for detecting 3 biomarkers associated with risk for liver disease,"Liver disease, analysis of 3 biomarkers (hyaluronic acid [ha], procollagen iii amino terminal peptide [piiinp], tissue inhibitor of metalloproteinase 1 [timp-1]), using immunoassays, utilizing serum, prognostic algorithm reported as a risk score and risk of liver fibrosis and liver-related clinical events within 5 years"
2026,81518,,20260101,N,03873.00,Onc brst mrna 11 genes,mRNA gene analysis of 11 genes in breast tumor tissue,"Oncology (breast), mrna, gene expression profiling by real-time rt-pcr of 11 genes (7 content and 4 housekeeping), utilizing formalin-fixed paraffin-embedded tissue, algorithms reported as percentage risk for metastatic recurrence and likelihood of benefit from extended endocrine therapy"
2026,81519,,20260101,N,03873.00,Oncology breast mrna,Test for detecting genes associated with breast cancer,"Oncology (breast), mrna, gene expression profiling by real-time rt-pcr of 21 genes, utilizing formalin-fixed paraffin-embedded tissue, algorithm reported as recurrence score"
2026,81520,,20260101,N,02510.21,Onc breast mrna 58 genes,"Gene analysis of breast tumor tissue, profiling by hybrid capture of 58 genes","Oncology (breast), mrna gene expression profiling by hybrid capture of 58 genes (50 content and 8 housekeeping), utilizing formalin-fixed paraffin-embedded tissue, algorithm reported as a recurrence risk score"
2026,81521,,20260101,N,03873.00,Onc breast mrna 70 genes,"Gene analysis of breast tumor tissue, profiling of 70 content genes and 465","Oncology (breast), mrna, microarray gene expression profiling of 70 content genes and 465 housekeeping genes, utilizing fresh frozen or formalin-fixed paraffin-embedded tissue, algorithm reported as index related to risk of distant metastasis"
2026,81522,,20260101,N,03873.00,Onc breast mrna 12 genes,mRNA gene expression analysis of 12 genes in breast tumor tissue,"Oncology (breast), mrna, gene expression profiling by rt-pcr of 12 genes (8 content and 4 housekeeping), utilizing formalin-fixed paraffin-embedded tissue, algorithm reported as recurrence risk score"
2026,81523,,20260101,N,03873.00,Onc brst mrna 70 cnt 31 gene,Next-generation sequencing of breast cancer profiling 70 content genes and 31,"Oncology (breast), mrna, next-generation sequencing gene expression profiling of 70 content genes and 31 housekeeping genes, utilizing formalin-fixed paraffin-embedded tissue, algorithm reported as index related to risk to distant metastasis"
2026,81524,,20260101,L,00000.00,"Onc cns tum dna mthyl 10,000","DNA methylation analysis of at least 10,000 methylation sites using DNA,","Oncology (central nervous system tumor), dna methylation analysis of at least 10,000 methylation sites, utilizing dna extracted from formalin-fixed tumor tissue, algorithm(s) reported as probability of matching a reference tumor family and class, and mgmt (o-6-methylguanine-dna methyltransferase) promoter methylation status, if performed"
2026,81525,,20260101,N,03116.00,Oncology colon mrna,Gene analysis (colon related cancer),"Oncology (colon), mrna, gene expression profiling by real-time rt-pcr of 12 genes (7 content and 5 housekeeping), utilizing formalin-fixed paraffin-embedded tissue, algorithm reported as a recurrence score"
2026,81528,,20260101,N,00508.87,Oncology colorectal scr,Gene analysis (colorectal cancer),"Oncology (colorectal) screening, quantitative real-time target and signal amplification of 10 dna markers (kras mutations, promoter methylation of ndrg4 and bmp3) and fecal hemoglobin, utilizing stool, algorithm reported as a positive or negative result"
2026,81529,,20260101,N,07193.00,Onc cutan mlnma mrna 31 gene,mRNA gene analysis of 31 genes in skin melanoma tissue specimen,"Oncology (cutaneous melanoma), mrna, gene expression profiling by real-time rt-pcr of 31 genes (28 content and 3 housekeeping), utilizing formalin-fixed paraffin-embedded tissue, algorithm reported as recurrence risk, including likelihood of sentinel lymph node metastasis"
2026,81535,,20260101,N,00579.46,Oncology gynecologic,"Culture of live tumor cells and chemotherapy drug response by staining, first","Oncology (gynecologic), live tumor cell culture and chemotherapeutic response by dapi stain and morphology, predictive algorithm reported as a drug response score; first single drug or drug combination"
2026,81536,,20260101,N,00177.56,Oncology gynecologic,"Culture of live tumor cells and chemotherapy drug response by staining, each","Oncology (gynecologic), live tumor cell culture and chemotherapeutic response by dapi stain and morphology, predictive algorithm reported as a drug response score; each additional single drug or drug combination (list separately in addition to code for primary procedure)"
2026,81538,,20260101,N,02871.00,Oncology lung,Testing of lung tumor cells for prediction of survival,"Oncology (lung), mass spectrometric 8-protein signature, including amyloid a, utilizing serum, prognostic and predictive algorithm reported as good versus poor overall survival"
2026,81539,,20260101,N,00760.00,Oncology prostate prob score,Measurement of proteins associated with prostate cancer,"Oncology (high-grade prostate cancer), biochemical assay of four proteins (total psa, free psa, intact psa, and human kallikrein-2 [hk2]), utilizing plasma or serum, prognostic algorithm reported as a probability score"
2026,81540,,20260101,N,03750.00,Oncology tum unknown origin,Gene analysis (cancer),"Oncology (tumor of unknown origin), mrna, gene expression profiling by real-time rt-pcr of 92 genes (87 content and 5 housekeeping) to classify tumor into main cancer type and subtype, utilizing formalin-fixed paraffin-embedded tissue, algorithm reported as a probability of a predicted main cancer type and subtype"
2026,81541,,20260101,N,03873.00,Onc prostate mrna 46 genes,"Gene analysis of prostate tumor tissue, profiling by real-time RT-PCR of 46","Oncology (prostate), mrna gene expression profiling by real-time rt-pcr of 46 genes (31 content and 15 housekeeping), utilizing formalin-fixed paraffin-embedded tissue, algorithm reported as a disease-specific mortality risk score"
2026,81542,,20260101,N,03873.00,Onc prostate mrna 22 cnt gen,mRNA gene expression analysis of 22 genes in prostate tumor tissue,"Oncology (prostate), mrna, microarray gene expression profiling of 22 content genes, utilizing formalin-fixed paraffin-embedded tissue, algorithm reported as metastasis risk score"
2026,81546,,20260101,N,03600.00,"Onc thyr mrna 10,196 gen alg","mRNA gene analysis of 10,196 genes in fine needle aspiration thyroid specimen,","Oncology (thyroid), mrna, gene expression analysis of 10,196 genes, utilizing fine needle aspirate, algorithm reported as a categorical result (eg, benign or suspicious)"
2026,81551,,20260101,N,02030.00,Onc prostate 3 genes,"Gene analysis of prostate tumor tissue, profiling by real-time PCR of 3 genes","Oncology (prostate), promoter methylation profiling by real-time pcr of 3 genes (gstp1, apc, rassf1), utilizing formalin-fixed paraffin-embedded tissue, algorithm reported as a likelihood of prostate cancer detection on repeat biopsy"
2026,81552,,20260101,N,07776.00,Onc uveal mlnma mrna 15 gene,mRNA gene expression analysis of 15 genes in eye melanoma o tissue or fine,"Oncology (uveal melanoma), mrna, gene expression profiling by real-time rt-pcr of 15 genes (12 content and 3 housekeeping), utilizing fine needle aspirate or formalin-fixed paraffin-embedded tissue, algorithm reported as risk of metastasis"
2026,81554,,20260101,N,05409.60,Pulm ds ipf mrna 190 gen alg,mRNA gene analysis of 190 genes associated with lung disease (idiopathic,"Pulmonary disease (idiopathic pulmonary fibrosis [ipf]), mrna, gene expression analysis of 190 genes, utilizing transbronchial biopsies, diagnostic algorithm reported as categorical result (eg, positive or negative for high probability of usual interstitial pneumonia [uip])"
2026,81558,,20260101,N,03240.00,Trnspl rej kdn mrna qpcr 139,Test for detecting 139 genes associated with kidney transplant rejection,"Transplantation medicine (allograft rejection, kidney), mrna, gene expression profiling by quantitative polymerase chain reaction (qpcr) of 139 genes, utilizing whole blood, algorithm reported as a binary categorization as transplant excellence, which indicates immune quiescence, or not transplant excellence, indicating subclinical rejection"
2026,81560,,20260101,N,00640.73,Trnsplj pd lvr&bwl cd154+cll,Measurement of donor and third-party memory cells for transplantation medicine,"Transplantation medicine (allograft rejection, pediatric liver and small bowel), measurement of donor and third-party-induced cd154+t-cytotoxic memory cells, utilizing whole peripheral blood, algorithm reported as a rejection risk score"
2026,81595,,20260101,N,03240.00,Cardiology hrt trnspl mrna,Test for detecting genes associated with heart diseases,"Cardiology (heart transplant), mrna, gene expression profiling by real-time quantitative pcr of 20 genes (11 content and 9 housekeeping), utilizing subfraction of peripheral blood, algorithm reported as a rejection risk score"
2026,81596,,20260101,N,00072.19,Nfct ds chrnc hcv 6 assays,Biochemical assays for evaluation of chronic Hepatitis C virus infection,"Infectious disease, chronic hepatitis c virus (hcv) infection, six biochemical assays (alt, a2-macroglobulin, apolipoprotein a-1, total bilirubin, ggt, and haptoglobin) utilizing serum, prognostic algorithm reported as scores for fibrosis and necroinflammatory activity in liver"
2026,82009,,20260101,N,00004.52,Ketone bodys qual,"Ketone bodies analysis, qualitative","Ketone body(s) (eg, acetone, acetoacetic acid, beta-hydroxybutyrate); qualitative"
2026,82010,,20260101,N,00008.17,Ketone bodys quan,"Ketone bodies analysis, quantitative","Ketone body(s) (eg, acetone, acetoacetic acid, beta-hydroxybutyrate); quantitative"
2026,82010,QW,20260101,N,00008.17,Ketone bodys quan,"Ketone bodies analysis, quantitative","Ketone body(s) (eg, acetone, acetoacetic acid, beta-hydroxybutyrate); quantitative"
2026,82013,,20260101,N,00012.29,Acetylcholinesterase assay,Acetylcholinesterase (enzyme) level,Acetylcholinesterase
2026,82016,,20260101,N,00016.49,Acylcarnitines qual,Chemical analysis for genetic disorder,"Acylcarnitines; qualitative, each specimen"
2026,82017,,20260101,N,00016.87,Acylcarnitines quant,Chemical test for genetic disorder,"Acylcarnitines; quantitative, each specimen"
2026,82024,,20260101,N,00038.62,Assay of acth,Adrenocorticotropic hormone (ACTH) level,Adrenocorticotropic hormone (acth)
2026,82030,,20260101,N,00025.80,Assay of adp & amp,"Adenosine, 5-monophosphate, cyclic (cyclic AMP) level","Adenosine, 5-monophosphate, cyclic (cyclic amp)"
2026,82040,,20260101,N,00004.95,Assay of serum albumin,Albumin (protein) level,"Albumin; serum, plasma or whole blood"
2026,82040,QW,20260101,N,00004.95,Assay of serum albumin,Albumin (protein) level,"Albumin; serum, plasma or whole blood"
2026,82042,,20260101,N,00007.78,Other source albumin quan ea,"Cerebrospinal fluid, or amniotic fluid albumin (protein) level","Albumin; other source, quantitative, each specimen"
2026,82042,QW,20260101,N,00007.78,Other source albumin quan ea,"Cerebrospinal fluid, or amniotic fluid albumin (protein) level","Albumin; other source, quantitative, each specimen"
2026,82043,,20260101,N,00005.78,Ur albumin quantitative,Urine microalbumin (protein) level,"Albumin; urine (eg, microalbumin), quantitative"
2026,82043,QW,20260101,N,00005.78,Ur albumin quantitative,Urine microalbumin (protein) level,"Albumin; urine (eg, microalbumin), quantitative"
2026,82044,,20260101,N,00006.23,Ur albumin semiquantitative,Urine microalbumin (protein) analysis,"Albumin; urine (eg, microalbumin), semiquantitative (eg, reagent strip assay)"
2026,82044,QW,20260101,N,00006.23,Ur albumin semiquantitative,Urine microalbumin (protein) analysis,"Albumin; urine (eg, microalbumin), semiquantitative (eg, reagent strip assay)"
2026,82045,,20260101,N,00033.94,Albumin ischemia modified,Albumin (protein) level related to restricted heart blood flow,Albumin; ischemia modified
2026,82075,,20260101,N,00030.00,Assay of breath ethanol,Measurement of alcohol level in breath specimen,Alcohol (ethanol); breath
2026,82077,,20260101,N,00017.27,Assay spec xcp ur&breath ia,Measurement of alcohol level in specimen other than breath or urine,"Alcohol (ethanol); any specimen except urine and breath, immunoassay (eg, ia, eia, elisa, ria, emit, fpia) and enzymatic methods (eg, alcohol dehydrogenase)"
2026,82085,,20260101,N,00009.71,Assay of aldolase,Aldolase (enzyme) level,Aldolase
2026,82088,,20260101,N,00040.75,Assay of aldosterone,Aldosterone hormone level,Aldosterone
2026,82103,,20260101,N,00013.44,Alpha-1-antitrypsin total,"Alpha-1-antitrypsin (protein) blood test, total",Alpha-1-antitrypsin; total
2026,82104,,20260101,N,00014.46,Alpha-1-antitrypsin pheno,"Alpha-1-antitrypsin (protein) blood test, phenotype",Alpha-1-antitrypsin; phenotype
2026,82105,,20260101,N,00016.77,Alpha-fetoprotein serum,"Alpha-fetoprotein (AFP) level, serum",Alpha-fetoprotein (afp); serum
2026,82106,,20260101,N,00017.00,Alpha-fetoprotein amniotic,"Alpha-fetoprotein (AFP) level, amniotic fluid",Alpha-fetoprotein (afp); amniotic fluid
2026,82107,,20260101,N,00064.41,Alpha-fetoprotein l3,Alpha-fetoprotein (AFP) analysis,Alpha-fetoprotein (afp); afp-l3 fraction isoform and total afp (including ratio)
2026,82108,,20260101,N,00025.48,Assay of aluminum,Aluminum level,Aluminum
2026,82120,,20260101,N,00005.99,Amines vaginal fluid qual,Vaginal fluid chemical analysis for bacteria,"Amines, vaginal fluid, qualitative"
2026,82120,QW,20260101,N,00005.99,Amines vaginal fluid qual,Vaginal fluid chemical analysis for bacteria,"Amines, vaginal fluid, qualitative"
2026,82127,,20260101,N,00014.18,Amino acid single qual,"Amino acid analysis, qualitative, each specimen","Amino acids; single, qualitative, each specimen"
2026,82128,,20260101,N,00013.87,Amino acids mult qual,"Amino acid analysis, multiple amino acids, qualitative, each specimen","Amino acids; multiple, qualitative, each specimen"
2026,82131,,20260101,N,00022.98,Amino acids single quant,"Amino acid analysis, quantitative, each specimen","Amino acids; single, quantitative, each specimen"
2026,82135,,20260101,N,00016.45,Assay aminolevulinic acid,Aminolevulinic acid (protein) level,"Aminolevulinic acid, delta (ala)"
2026,82136,,20260101,N,00019.61,Amino acids quant 2-5,"Amino acid level, 2 to 5 amino acids, quantitative, each specimen","Amino acids, 2 to 5 amino acids, quantitative, each specimen"
2026,82139,,20260101,N,00016.87,Amino acids quan 6 or more,"Amino acid level, 6 or more amino acids, quantitative, each specimen","Amino acids, 6 or more amino acids, quantitative, each specimen"
2026,82140,,20260101,N,00014.57,Assay of ammonia,Ammonia level,Ammonia
2026,82143,,20260101,N,00009.35,Amniotic fluid scan,Amniotic fluid scan,Amniotic fluid scan (spectrophotometric)
2026,82150,,20260101,N,00006.48,Assay of amylase,Amylase (enzyme) level,Amylase
2026,82150,QW,20260101,N,00006.48,Assay of amylase,Amylase (enzyme) level,Amylase
2026,82154,,20260101,N,00028.83,Androstanediol glucuronide,Androstanediol glucuronide (hormone) level,Androstanediol glucuronide
2026,82157,,20260101,N,00029.28,Assay of androstenedione,Androstenedione (hormone) level,Androstenedione
2026,82160,,20260101,N,00025.55,Assay of androsterone,Androsterone (hormone) level,Androsterone
2026,82163,,20260101,N,00020.52,Assay of angiotensin ii,Angiotensin ll (protein) level,Angiotensin ii
2026,82164,,20260101,N,00014.60,Angiotensin i enzyme test,Angiotensin l - converting enzyme (ACE) level,Angiotensin i - converting enzyme (ace)
2026,82166,,20260101,N,00038.62,Assay anti-mullerian horm,Test for anti-mullerian hormone,Anti-mullerian hormone (amh)
2026,82172,,20260101,N,00021.09,Assay of apolipoprotein,Apolipoprotein level,"Apolipoprotein, each"
2026,82175,,20260101,N,00018.97,Assay of arsenic,Arsenic level,Arsenic
2026,82180,,20260101,N,00009.89,Assay of ascorbic acid,"Ascorbic acid (Vitamin C) level, blood","Ascorbic acid (vitamin c), blood"
2026,82190,,20260101,N,00015.90,Atomic absorption,Measurement of substance using spectroscopy (light),"Atomic absorption spectroscopy, each analyte"
2026,82232,,20260101,N,00016.18,Assay of beta-2 protein,Beta-2 microglobulin (protein) level,Beta-2 microglobulin
2026,82233,,20260101,N,00128.92,Beta-amyloid 1-40 (abeta 40),Test for beta-amyloid 1-40,Beta-amyloid; 1-40 (abeta 40)
2026,82234,,20260101,N,00128.92,Beta-amyloid 1-42 (abeta 42),Test for beta-amyloid 1-42,Beta-amyloid; 1-42 (abeta 42)
2026,82239,,20260101,N,00017.12,Bile acids total,"Bile acids level, total",Bile acids; total
2026,82240,,20260101,N,00026.58,Bile acids cholylglycine,"Bile acids level, cholylglycine",Bile acids; cholylglycine
2026,82247,,20260101,N,00005.02,Bilirubin total,"Bilirubin level, total",Bilirubin; total
2026,82247,QW,20260101,N,00005.02,Bilirubin total,"Bilirubin level, total",Bilirubin; total
2026,82248,,20260101,N,00005.02,Bilirubin direct,"Bilirubin level, direct",Bilirubin; direct
2026,82252,,20260101,N,00004.56,Fecal bilirubin test,Stool analysis for bilirubin,"Bilirubin; feces, qualitative"
2026,82261,,20260101,N,00016.87,Assay of biotinidase,Biotinidase (enzyme) level,"Biotinidase, each specimen"
2026,82270,,20260101,N,00004.38,Occult blood feces,Stool analysis for blood to screen for colon tumors,"Blood, occult, by peroxidase activity (eg, guaiac), qualitative; feces, consecutive collected specimens with single determination, for colorectal neoplasm screening (ie, patient was provided 3 cards or single triple card for consecutive collection)"
2026,82271,,20260101,N,00005.32,Occult blood other sources,Specimen analysis for blood,"Blood, occult, by peroxidase activity (eg, guaiac), qualitative; other sources"
2026,82271,QW,20260101,N,00005.32,Occult blood other sources,Specimen analysis for blood,"Blood, occult, by peroxidase activity (eg, guaiac), qualitative; other sources"
2026,82272,,20260101,N,00004.23,Occult bld feces 1-3 tests,"Stool analysis for blood, by peroxidase activity","Blood, occult, by peroxidase activity (eg, guaiac), qualitative, feces, 1-3 simultaneous determinations, performed for other than colorectal neoplasm screening"
2026,82274,,20260101,N,00015.92,Assay test for blood fecal,"Stool analysis for blood, by fecal hemoglobin determination by immunoassay","Blood, occult, by fecal hemoglobin determination by immunoassay, qualitative, feces, 1-3 simultaneous determinations"
2026,82274,QW,20260101,N,00015.92,Assay test for blood fecal,"Stool analysis for blood, by fecal hemoglobin determination by immunoassay","Blood, occult, by fecal hemoglobin determination by immunoassay, qualitative, feces, 1-3 simultaneous determinations"
2026,82286,,20260101,N,00005.16,Assay of bradykinin,Bradykinin (protein) level,Bradykinin
2026,82300,,20260101,N,00023.64,Assay of cadmium,Cadmium level,Cadmium
2026,82306,,20260101,N,00029.60,Vitamin d 25 hydroxy,Vitamin D-3 level,"Vitamin d; 25 hydroxy, includes fraction(s), if performed"
2026,82308,,20260101,N,00026.79,Assay of calcitonin,Calcitonin (hormone) level,Calcitonin
2026,82310,,20260101,N,00005.16,Assay of calcium,"Calcium level, total",Calcium; total
2026,82310,QW,20260101,N,00005.16,Assay of calcium,"Calcium level, total",Calcium; total
2026,82330,,20260101,N,00013.68,Assay of calcium,"Calcium level, ionized",Calcium; ionized
2026,82330,QW,20260101,N,00013.68,Assay of calcium,"Calcium level, ionized",Calcium; ionized
2026,82331,,20260101,N,00013.34,Calcium infusion test,"Calcium level, after calcium infusion test",Calcium; after calcium infusion test
2026,82340,,20260101,N,00006.03,Assay of calcium in urine,Urine calcium level,"Calcium; urine quantitative, timed specimen"
2026,82355,,20260101,N,00011.58,Calculus analysis qual,Analysis of stone,Calculus; qualitative analysis
2026,82360,,20260101,N,00012.87,Calculus assay quant,Chemical analysis of stone,"Calculus; quantitative analysis, chemical"
2026,82365,,20260101,N,00012.90,Calculus spectroscopy,Infrared analysis of stone,Calculus; infrared spectroscopy
2026,82370,,20260101,N,00012.52,X-ray assay calculus,X-ray analysis of stone,Calculus; x-ray diffraction
2026,82373,,20260101,N,00018.06,Assay c-d transfer measure,Carbohydrate deficient transferrin (protein) level,Carbohydrate deficient transferrin
2026,82374,,20260101,N,00004.88,Assay blood carbon dioxide,Carbon dioxide (bicarbonate) level,Carbon dioxide (bicarbonate)
2026,82374,QW,20260101,N,00004.88,Assay blood carbon dioxide,Carbon dioxide (bicarbonate) level,Carbon dioxide (bicarbonate)
2026,82375,,20260101,N,00012.32,Assay carboxyhb quant,Carboxyhemoglobin (protein) level,Carboxyhemoglobin; quantitative
2026,82376,,20260101,N,00014.07,Assay carboxyhb qual,Carboxyhemoglobin (protein) analysis,Carboxyhemoglobin; qualitative
2026,82378,,20260101,N,00018.96,Carcinoembryonic antigen,Carcinoembryonic antigen (CEA) protein level,Carcinoembryonic antigen (cea)
2026,82379,,20260101,N,00016.87,Assay of carnitine,Carnitine level,"Carnitine (total and free), quantitative, each specimen"
2026,82380,,20260101,N,00009.22,Assay of carotene,Carotene level,Carotene
2026,82382,,20260101,N,00027.30,Assay urine catecholamines,Catecholamines (organic nitrogen) urine level,Catecholamines; total urine
2026,82383,,20260101,N,00029.08,Assay blood catecholamines,Catecholamines organic nitrogen blood level,Catecholamines; blood
2026,82384,,20260101,N,00025.25,Assay three catecholamines,Catecholamines (organic nitrogen) level,Catecholamines; fractionated
2026,82387,,20260101,N,00018.06,Assay of cathepsin-d,Cathepsin-D (enzyme) level,Cathepsin-d
2026,82390,,20260101,N,00010.74,Assay of ceruloplasmin,Ceruloplasmin (protein) level,Ceruloplasmin
2026,82397,,20260101,N,00014.12,Chemiluminescent assay,Analysis using chemiluminescent technique (light and chemical )reaction,Chemiluminescent assay
2026,82415,,20260101,N,00012.67,Assay of chloramphenicol,Chloramphenicol level,Chloramphenicol
2026,82435,,20260101,N,00004.60,Assay of blood chloride,Blood chloride level,Chloride; blood
2026,82435,QW,20260101,N,00004.60,Assay of blood chloride,Blood chloride level,Chloride; blood
2026,82436,,20260101,N,00005.75,Assay of urine chloride,Urine chloride level,Chloride; urine
2026,82438,,20260101,N,00005.00,Assay other fluid chlorides,Chloride level,Chloride; other source
2026,82441,,20260101,N,00006.01,Test for chlorohydrocarbons,Screening test for chlorinated hydrocarbons,"Chlorinated hydrocarbons, screen"
2026,82465,,20260101,N,00004.35,Assay bld/serum cholesterol,Cholesterol level,"Cholesterol, serum or whole blood, total"
2026,82465,QW,20260101,N,00004.35,Assay bld/serum cholesterol,Cholesterol level,"Cholesterol, serum or whole blood, total"
2026,82480,,20260101,N,00007.87,Assay serum cholinesterase,"Cholinesterase (enzyme) level, to test for exposure to chemical or liver disease",Cholinesterase; serum
2026,82482,,20260101,N,00009.81,Assay rbc cholinesterase,Cholinesterase (enzyme) level,Cholinesterase; rbc
2026,82485,,20260101,N,00020.65,Assay chondroitin sulfate,Chondroitin B sulfate (protein) level,"Chondroitin b sulfate, quantitative"
2026,82495,,20260101,N,00020.28,Assay of chromium,Chromium level to test for poisoning or deficiency,Chromium
2026,82507,,20260101,N,00027.80,Assay of citrate,Citrate level,Citrate
2026,82523,,20260101,N,00018.68,Collagen crosslinks,"Collagen cross links test, (urine test to evaluate bone health)","Collagen cross links, any method"
2026,82523,QW,20260101,N,00018.68,Collagen crosslinks,"Collagen cross links test, (urine test to evaluate bone health)","Collagen cross links, any method"
2026,82525,,20260101,N,00012.41,Assay of copper,Copper level,Copper
2026,82528,,20260101,N,00022.52,Assay of corticosterone,Corticosterone (hormone) level,Corticosterone
2026,82530,,20260101,N,00016.71,Cortisol free,"Cortisol (hormone) measurement, free",Cortisol; free
2026,82533,,20260101,N,00016.30,Total cortisol,"Cortisol (hormone) measurement, total",Cortisol; total
2026,82540,,20260101,N,00004.64,Assay of creatine,Creatine measurement,Creatine
2026,82542,,20260101,N,00024.09,Col chromotography qual/quan,Chemical analysis using chromatography technique,"Column chromatography, includes mass spectrometry, if performed (eg, hplc, lc, lc/ms, lc/ms-ms, gc, gc/ms-ms, gc/ms, hplc/ms), non-drug analyte(s) not elsewhere specified, qualitative or quantitative, each specimen"
2026,82550,,20260101,N,00006.51,Assay of ck (cpk),"Creatine kinase (cardiac enzyme) level, total","Creatine kinase (ck), (cpk); total"
2026,82550,QW,20260101,N,00006.51,Assay of ck (cpk),"Creatine kinase (cardiac enzyme) level, total","Creatine kinase (ck), (cpk); total"
2026,82552,,20260101,N,00013.39,Assay of cpk in blood,"Creatine kinase (cardiac enzyme) level, isoenzymes","Creatine kinase (ck), (cpk); isoenzymes"
2026,82553,,20260101,N,00011.55,Creatine mb fraction,"Creatine kinase (cardiac enzyme) level, MB fraction only","Creatine kinase (ck), (cpk); mb fraction only"
2026,82554,,20260101,N,00011.87,Creatine isoforms,"Creatine kinase (cardiac enzyme) level, isoforms","Creatine kinase (ck), (cpk); isoforms"
2026,82565,,20260101,N,00005.12,Assay of creatinine,Blood creatinine level,Creatinine; blood
2026,82565,QW,20260101,N,00005.12,Assay of creatinine,Blood creatinine level,Creatinine; blood
2026,82570,,20260101,N,00005.18,Assay of urine creatinine,Creatinine level to test for kidney function or muscle injury,Creatinine; other source
2026,82570,QW,20260101,N,00005.18,Assay of urine creatinine,Creatinine level to test for kidney function or muscle injury,Creatinine; other source
2026,82575,,20260101,N,00009.46,Creatinine clearance test,Creatinine clearance measurement to test for kidney function,Creatinine; clearance
2026,82585,,20260101,N,00014.14,Assay of cryofibrinogen,Cryofibrinogen (protein) level,Cryofibrinogen
2026,82595,,20260101,N,00006.47,Assay of cryoglobulin,Cryoglobulin (protein) measurement,"Cryoglobulin, qualitative or semi-quantitative (eg, cryocrit)"
2026,82600,,20260101,N,00019.40,Assay of cyanide,Cyanide measurement,Cyanide
2026,82607,,20260101,N,00015.08,Vitamin b-12,Cyanocobalamin (vitamin B-12) level,Cyanocobalamin (vitamin b-12);
2026,82608,,20260101,N,00014.32,B-12 binding capacity,"Cyanocobalamin (vitamin B-12) level, unsaturated binding capacity",Cyanocobalamin (vitamin b-12); unsaturated binding capacity
2026,82610,,20260101,N,00018.52,Cystatin c,Cystatin C (enzyme inhibitor) level,Cystatin c
2026,82615,,20260101,N,00009.55,Test for urine cystines,Cystine and homocystine (amino acids) analysis,"Cystine and homocystine, urine, qualitative"
2026,82626,,20260101,N,00025.27,Dehydroepiandrosterone,Dehydroepiandrosterone (DHEA) hormone level,Dehydroepiandrosterone (dhea)
2026,82627,,20260101,N,00022.23,Dehydroepiandrosterone,Dehydroepiandrosterone (DHEA-S) hormone level,Dehydroepiandrosterone-sulfate (dhea-s)
2026,82633,,20260101,N,00030.98,Desoxycorticosterone,"Desoxycorticosterone, 11 (hormone) level","Desoxycorticosterone, 11-"
2026,82634,,20260101,N,00029.28,Deoxycortisol,"Deoxycortisol, 11 (hormone) level","Deoxycortisol, 11-"
2026,82638,,20260101,N,00012.25,Assay of dibucaine number,Dibucaine number (enzyme) measurement,Dibucaine number
2026,82642,,20260101,N,00029.28,Dihydrotestosterone,Measurement of dihydrotestosterone,Dihydrotestosterone (dht)
2026,82652,,20260101,N,00038.50,Vit d 1 25-dihydroxy,"Dihydroxyvitamin D, 1, 25 level","Vitamin d; 1, 25 dihydroxy, includes fraction(s), if performed"
2026,82653,,20260101,N,00022.97,El-1 fecal quantitative,Measurement of pancreatic elastase (enzyme) in stool,"Elastase, pancreatic (el-1), fecal; quantitative"
2026,82656,,20260101,N,00011.53,El-1 fecal qual/semiq,Detection of pancreatic elastase (enzyme) in stool,"Elastase, pancreatic (el-1), fecal; qualitative or semi-quantitative"
2026,82657,,20260101,N,00022.17,Enzyme cell activity,"Enzyme activity measurement, nonradioactive substrate","Enzyme activity in blood cells, cultured cells, or tissue, not elsewhere specified; nonradioactive substrate, each specimen"
2026,82658,,20260101,N,00044.03,Enzyme cell activity ra,"Enzyme activity measurement, radioactive substrate","Enzyme activity in blood cells, cultured cells, or tissue, not elsewhere specified; radioactive substrate, each specimen"
2026,82664,,20260101,N,00061.50,Electrophoretic test,"Electrophoresis, laboratory testing technique","Electrophoretic technique, not elsewhere specified"
2026,82668,,20260101,N,00018.79,Assay of erythropoietin,Erythropoietin (protein) level,Erythropoietin
2026,82670,,20260101,N,00027.94,Assay of total estradiol,Measurement of total estradiol (hormone),Estradiol; total
2026,82671,,20260101,N,00032.30,Assay of estrogens,"Estrogen analysis, fractionated",Estrogens; fractionated
2026,82672,,20260101,N,00021.70,Assay of estrogen,"Estrogen analysis, total",Estrogens; total
2026,82677,,20260101,N,00024.18,Assay of estriol,Estriol (hormone) level,Estriol
2026,82679,,20260101,N,00024.95,Assay of estrone,Estrone (hormone) level,Estrone
2026,82679,QW,20260101,N,00024.95,Assay of estrone,Estrone (hormone) level,Estrone
2026,82681,,20260101,N,00027.94,Assay dir meas fr estradiol,Direct measurement of free estradiol (hormone),"Estradiol; free, direct measurement (eg, equilibrium dialysis)"
2026,82693,,20260101,N,00014.90,Assay of ethylene glycol,Ethylene glycol (antifreeze) measurement,Ethylene glycol
2026,82696,,20260101,N,00026.24,Assay of etiocholanolone,Etiocholanolone (testosterone byproduct) level,Etiocholanolone
2026,82705,,20260101,N,00005.10,Fats/lipids feces qual,"Stool fat or lipids analysis, qualitative","Fat or lipids, feces; qualitative"
2026,82710,,20260101,N,00016.80,Fats/lipids feces quant,"Stool fat or lipids analysis, quantitative","Fat or lipids, feces; quantitative"
2026,82715,,20260101,N,00022.97,Assay of fecal fat,"Stool fat differential measurement, quantitative","Fat differential, feces, quantitative"
2026,82725,,20260101,N,00018.77,Assay of blood fatty acids,Fatty acids measurement,"Fatty acids, nonesterified"
2026,82726,,20260101,N,00019.75,Long chain fatty acids,Very long chain fatty acids level,Very long chain fatty acids
2026,82728,,20260101,N,00013.63,Assay of ferritin,Ferritin (blood protein) level,Ferritin
2026,82731,,20260101,N,00064.41,Assay of fetal fibronectin,Fetal fibronectin (protein) analysis,"Fetal fibronectin, cervicovaginal secretions, semi-quantitative"
2026,82735,,20260101,N,00018.54,Assay of fluoride,Fluoride level,Fluoride
2026,82746,,20260101,N,00014.70,Assay of folic acid serum,"Folic acid level, serum",Folic acid; serum
2026,82747,,20260101,N,00017.65,Assay of folic acid rbc,"Folic acid level, RBC",Folic acid; rbc
2026,82757,,20260101,N,00017.34,Assay of semen fructose,Semen fructose (carbohydrate) level,"Fructose, semen"
2026,82759,,20260101,N,00021.48,Assay of rbc galactokinase,Galactokinase (enzyme) level,"Galactokinase, rbc"
2026,82760,,20260101,N,00011.20,Assay of galactose,Galactose (carbohydrate) level,Galactose
2026,82775,,20260101,N,00021.07,Assay galactose transferase,Galactose-1-phosphate uridyl transferase (enzyme) level,Galactose-1-phosphate uridyl transferase; quantitative
2026,82776,,20260101,N,00011.74,Galactose transferase test,Galactose-1-phosphate uridyl transferase screening test,Galactose-1-phosphate uridyl transferase; screen
2026,82777,,20260101,N,00044.25,Galectin-3,Galectin-3 level,Galectin-3
2026,82784,,20260101,N,00009.30,Assay iga/igd/igg/igm each,Gammaglobulin (immune system protein) measurement,"Gammaglobulin (immunoglobulin); iga, igd, igg, igm, each"
2026,82785,,20260101,N,00016.46,Assay of ige,IgE (immune system protein) level,Gammaglobulin (immunoglobulin); ige
2026,82787,,20260101,N,00008.02,Igg 1 2 3 or 4 each,"Gammaglobulin (immune system protein) measurement, immunoglobulin subclasses","Gammaglobulin (immunoglobulin); immunoglobulin subclasses (eg, igg1, 2, 3, or 4), each"
2026,82800,,20260101,N,00011.00,Blood ph,Blood pH level,"Gases, blood, ph only"
2026,82803,,20260101,N,00026.07,Blood gases any combination,Blood gases measurement,"Gases, blood, any combination of ph, pco2, po2, co2, hco3 (including calculated o2 saturation);"
2026,82805,,20260101,N,00078.77,Blood gases w/o2 saturation,"Blood gases measurement, with O2 saturation","Gases, blood, any combination of ph, pco2, po2, co2, hco3 (including calculated o2 saturation); with o2 saturation, by direct measurement, except pulse oximetry"
2026,82810,,20260101,N,00009.77,Blood gases o2 sat only,"Blood gas, oxygen saturation measurement","Gases, blood, o2 saturation only, by direct measurement, except pulse oximetry"
2026,82820,,20260101,N,00013.34,Hemoglobin-oxygen affinity,Hemoglobin-oxygen affinity measurement,Hemoglobin-oxygen affinity (po2 for 50% hemoglobin saturation with oxygen)
2026,82930,,20260101,N,00006.71,Gastric analy w/ph ea spec,Gastric acid analysis,"Gastric acid analysis, includes ph if performed, each specimen"
2026,82938,,20260101,N,00017.69,Gastrin test,"Gastrin (GI tract hormone) level, after secretin stimulation",Gastrin after secretin stimulation
2026,82941,,20260101,N,00017.63,Assay of gastrin,Gastrin (GI tract hormone) level,Gastrin
2026,82943,,20260101,N,00014.29,Assay of glucagon,Glucagon (pancreatic hormone) level,Glucagon
2026,82945,,20260101,N,00003.93,Glucose other fluid,Glucose (sugar) level on body fluid,"Glucose, body fluid, other than blood"
2026,82946,,20260101,N,00017.77,Glucagon tolerance test,Glucagon (pancreatic hormone) tolerance test,Glucagon tolerance test
2026,82947,,20260101,N,00003.93,Assay glucose blood quant,Blood glucose (sugar) level,"Glucose; quantitative, blood (except reagent strip)"
2026,82947,QW,20260101,N,00003.93,Assay glucose blood quant,Blood glucose (sugar) level,"Glucose; quantitative, blood (except reagent strip)"
2026,82948,,20260101,N,00005.04,Reagent strip/blood glucose,Blood glucose (sugar) measurement using reagent strip,"Glucose; blood, reagent strip"
2026,82950,,20260101,N,00004.75,Glucose test,Blood glucose (sugar) level after receiving dose of glucose,Glucose; post glucose dose (includes glucose)
2026,82950,QW,20260101,N,00004.75,Glucose test,Blood glucose (sugar) level after receiving dose of glucose,Glucose; post glucose dose (includes glucose)
2026,82951,,20260101,N,00012.87,Glucose tolerance test (gtt),"Blood glucose (sugar) tolerance test, 3 specimens","Glucose; tolerance test (gtt), 3 specimens (includes glucose)"
2026,82951,QW,20260101,N,00012.87,Glucose tolerance test (gtt),"Blood glucose (sugar) tolerance test, 3 specimens","Glucose; tolerance test (gtt), 3 specimens (includes glucose)"
2026,82952,,20260101,N,00003.92,Gtt-added samples,"Blood glucose (sugar) tolerance test, each additional beyond 3 specimens","Glucose; tolerance test, each additional beyond 3 specimens (list separately in addition to code for primary procedure)"
2026,82952,QW,20260101,N,00003.92,Gtt-added samples,"Blood glucose (sugar) tolerance test, each additional beyond 3 specimens","Glucose; tolerance test, each additional beyond 3 specimens (list separately in addition to code for primary procedure)"
2026,82955,,20260101,N,00009.70,Assay of g6pd enzyme,G6PD (enzyme) level,Glucose-6-phosphate dehydrogenase (g6pd); quantitative
2026,82960,,20260101,N,00006.05,Test for g6pd enzyme,G6PD (enzyme) screening test,Glucose-6-phosphate dehydrogenase (g6pd); screen
2026,82962,,20260101,N,00003.28,Glucose blood test,Blood glucose (sugar) test performed by hand-held instrument,"Glucose, blood by glucose monitoring device(s) cleared by the fda specifically for home use"
2026,82963,,20260101,N,00021.48,Assay of glucosidase,Glucosidase (sugar enzyme) measurement,"Glucosidase, beta"
2026,82965,,20260101,N,00013.15,Assay of gdh enzyme,Glutamate dehydrogenase (enzyme) measurement,Glutamate dehydrogenase
2026,82977,,20260101,N,00007.20,Assay of ggt,Glutamyltransferase (liver enzyme) level,"Glutamyltransferase, gamma (ggt)"
2026,82977,QW,20260101,N,00007.20,Assay of ggt,Glutamyltransferase (liver enzyme) level,"Glutamyltransferase, gamma (ggt)"
2026,82978,,20260101,N,00015.45,Assay of glutathione,Glutathione (protein) level,Glutathione
2026,82979,,20260101,N,00009.44,Assay rbc glutathione,Glutathione reductase (enzyme) level,"Glutathione reductase, rbc"
2026,82985,,20260101,N,00016.76,Assay of glycated protein,Glycated protein level,Glycated protein
2026,82985,QW,20260101,N,00016.76,Assay of glycated protein,Glycated protein level,Glycated protein
2026,83001,,20260101,N,00018.58,Assay of gonadotropin (fsh),"Gonadotropin, follicle stimulating (reproductive hormone) level",Gonadotropin; follicle stimulating hormone (fsh)
2026,83001,QW,20260101,N,00018.58,Assay of gonadotropin (fsh),"Gonadotropin, follicle stimulating (reproductive hormone) level",Gonadotropin; follicle stimulating hormone (fsh)
2026,83002,,20260101,N,00018.52,Assay of gonadotropin (lh),"Gonadotropin, luteinizing (reproductive hormone) level",Gonadotropin; luteinizing hormone (lh)
2026,83002,QW,20260101,N,00018.52,Assay of gonadotropin (lh),"Gonadotropin, luteinizing (reproductive hormone) level",Gonadotropin; luteinizing hormone (lh)
2026,83003,,20260101,N,00016.67,Assay growth hormone (hgh),Human growth hormone level,"Growth hormone, human (hgh) (somatotropin)"
2026,83006,,20260101,N,00075.60,Growth stimulation gene 2,Test for detecting genes associated with growth stimulation,"Growth stimulation expressed gene 2 (st2, interleukin 1 receptor like-1)"
2026,83009,,20260101,N,00067.36,H pylori (c-13) blood,Blood test analysis for helicobacter pylori,"Helicobacter pylori, blood test analysis for urease activity, non-radioactive isotope (eg, c-13)"
2026,83010,,20260101,N,00012.58,Assay of haptoglobin quant,Haptoglobin (serum protein) level,Haptoglobin; quantitative
2026,83012,,20260101,N,00026.89,Assay of haptoglobins,Haptoglobin (serum protein) measurement,Haptoglobin; phenotypes
2026,83013,,20260101,N,00067.36,H pylori (c-13) breath,Breath test analysis for helicobacter pylori,"Helicobacter pylori; breath test analysis for urease activity, non-radioactive isotope (eg, c-13)"
2026,83014,,20260101,N,00007.86,H pylori drug admin,Administration of drug for helicobacter pylori,Helicobacter pylori; drug administration
2026,83015,,20260101,N,00020.94,Heavy metal qual any number,Heavy metal screening test,"Heavy metal (eg, arsenic, barium, beryllium, bismuth, antimony, mercury); qualitative, any number of analytes"
2026,83018,,20260101,N,00021.96,Heavy metal quan each nes,Heavy metal level,"Heavy metal (eg, arsenic, barium, beryllium, bismuth, antimony, mercury); quantitative, each, not elsewhere specified"
2026,83020,,20260101,N,00012.87,Hemoglobin electrophoresis,"Hemoglobin analysis and measurement, electrophoresis","Hemoglobin fractionation and quantitation; electrophoresis (eg, a2, s, c, and/or f)"
2026,83021,,20260101,N,00018.06,Hemoglobin chromotography,"Hemoglobin analysis and measurement, chromatography","Hemoglobin fractionation and quantitation; chromatography (eg, a2, s, c, and/or f)"
2026,83026,,20260101,N,00004.01,Hemoglobin copper sulfate,Hemoglobin level,"Hemoglobin; by copper sulfate method, non-automated"
2026,83030,,20260101,N,00010.74,Hemoglobin f fetal chemical,Fetal hemoglobin level,"Hemoglobin; f (fetal), chemical"
2026,83033,,20260101,N,00008.00,Hemoglobin ftl f assay qual,Fetal hemoglobin analysis,"Hemoglobin; f (fetal), qualitative"
2026,83036,,20260101,N,00009.71,Hemoglobin glycosylated a1c,Hemoglobin A1C level,Hemoglobin; glycosylated (a1c)
2026,83036,QW,20260101,N,00009.71,Hemoglobin glycosylated a1c,Hemoglobin A1C level,Hemoglobin; glycosylated (a1c)
2026,83037,,20260101,N,00009.71,Hb glycosylated a1c home dev,"Hemoglobin A1C level, by device for home use",Hemoglobin; glycosylated (a1c) by device cleared by fda for home use
2026,83037,QW,20260101,N,00009.71,Hb glycosylated a1c home dev,"Hemoglobin A1C level, by device for home use",Hemoglobin; glycosylated (a1c) by device cleared by fda for home use
2026,83045,,20260101,N,00006.49,Hgb methemoglobin qual,"Methemoglobin (hemoglobin) analysis, qualitative","Hemoglobin; methemoglobin, qualitative"
2026,83050,,20260101,N,00008.20,Hgb methemoglobin quan,"Methemoglobin (hemoglobin) analysis, quantitative","Hemoglobin; methemoglobin, quantitative"
2026,83051,,20260101,N,00007.31,Hemoglobin plasma,Plasma hemoglobin level,Hemoglobin; plasma
2026,83060,,20260101,N,00008.80,Hgb sulfhemoglobin quan,Sulfhemoglobin (hemoglobin) level,"Hemoglobin; sulfhemoglobin, quantitative"
2026,83065,,20260101,N,00009.00,Hemoglobin thermolabile,Thermolabile (heat sensitive) hemoglobin level,Hemoglobin; thermolabile
2026,83068,,20260101,N,00009.47,Hemoglobin unstable screen,Screening test for unstable hemoglobin,"Hemoglobin; unstable, screen"
2026,83069,,20260101,N,00003.95,Hemoglobin urine,Urine hemoglobin level,Hemoglobin; urine
2026,83070,,20260101,N,00004.75,Assay of hemosiderin qual,Hemosiderin (hemoglobin breakdown product) analysis,"Hemosiderin, qualitative"
2026,83080,,20260101,N,00016.87,Assay of b hexosaminidase ea,b-Hexosaminidase (enzyme) level,"B-hexosaminidase, each assay"
2026,83088,,20260101,N,00029.53,Assay of histamine,Histamine (immune system substance) level,Histamine
2026,83090,,20260101,N,00017.92,Assay of homocysteine,Homocysteine (amino acid) level,Homocysteine
2026,83150,,20260101,N,00022.41,Assay of homovanillic acid,Homovanillic acid (organic acid) level,Homovanillic acid (hva)
2026,83491,,20260101,N,00017.90,Asy hydroxycorticosteroids17,"Hydroxycorticosteroids, 17 (adrenal gland hormone) level","Hydroxycorticosteroids, 17- (17-ohcs)"
2026,83497,,20260101,N,00012.90,Assay of 5-hiaa,Hydroxyindolacetic acid (product of metabolism) level,"Hydroxyindolacetic acid, 5-(hiaa)"
2026,83498,,20260101,N,00027.17,Asy hydroxyprogesterone 17-d,"Hydroxyprogesterone, 17-D (synthetic hormone) level","Hydroxyprogesterone, 17-d"
2026,83500,,20260101,N,00022.65,Assay free hydroxyproline,"Hydroxyproline (amino acid) measurement, free",Hydroxyproline; free
2026,83505,,20260101,N,00024.30,Assay total hydroxyproline,"Hydroxyproline (amino acid) measurement, total",Hydroxyproline; total
2026,83516,,20260101,N,00011.53,Immunoassay nonantibody,"Analysis of substance using immunoassay technique, multiple step method","Immunoassay for analyte other than infectious agent antibody or infectious agent antigen; qualitative or semiquantitative, multiple step method"
2026,83516,QW,20260101,N,00011.53,Immunoassay nonantibody,"Analysis of substance using immunoassay technique, multiple step method","Immunoassay for analyte other than infectious agent antibody or infectious agent antigen; qualitative or semiquantitative, multiple step method"
2026,83518,,20260101,N,00009.64,Immunoassay dipstick,"Analysis of substance using immunoassay technique, single step method","Immunoassay for analyte other than infectious agent antibody or infectious agent antigen; qualitative or semiquantitative, single step method (eg, reagent strip)"
2026,83518,QW,20260101,N,00009.64,Immunoassay dipstick,"Analysis of substance using immunoassay technique, single step method","Immunoassay for analyte other than infectious agent antibody or infectious agent antigen; qualitative or semiquantitative, single step method (eg, reagent strip)"
2026,83519,,20260101,N,00018.40,Ria nonantibody,"Measurement of substance using immunoassay technique, by radioimmunoassay","Immunoassay for analyte other than infectious agent antibody or infectious agent antigen; quantitative, by radioimmunoassay (eg, ria)"
2026,83520,,20260101,N,00017.27,Immunoassay quant nos nonab,Measurement of substance using immunoassay technique,"Immunoassay for analyte other than infectious agent antibody or infectious agent antigen; quantitative, not otherwise specified"
2026,83520,QW,20260101,N,00017.27,Immunoassay quant nos nonab,Measurement of substance using immunoassay technique,"Immunoassay for analyte other than infectious agent antibody or infectious agent antigen; quantitative, not otherwise specified"
2026,83521,,20260101,N,00017.27,Ig light chains free each,Measurement of immunoglobulin light chains,"Immunoglobulin light chains (ie, kappa, lambda), free, each"
2026,83525,,20260101,N,00011.43,Assay of insulin,"Insulin measurement, total",Insulin; total
2026,83527,,20260101,N,00012.95,Assay of insulin,"Insulin measurement, free",Insulin; free
2026,83528,,20260101,N,00019.82,Assay of intrinsic factor,Intrinsic factor (stomach protein) level,Intrinsic factor
2026,83529,,20260101,N,00017.27,Asay of interleukin-6 (il-6),Measurement of interleukin-6,Interleukin-6 (il-6)
2026,83540,,20260101,N,00006.47,Assay of iron,Iron level,Iron
2026,83550,,20260101,N,00008.74,Iron binding test,Iron binding capacity,Iron binding capacity
2026,83570,,20260101,N,00008.85,Assay of idh enzyme,Isocitric dehydrogenase (enzyme) level,Isocitric dehydrogenase (idh)
2026,83582,,20260101,N,00015.47,Assay of ketogenic steroids,Ketogenic steroids (hormone) measurement,"Ketogenic steroids, fractionation"
2026,83586,,20260101,N,00012.80,Assay 17- ketosteroids,"Ketosteroids, 17 (hormone) measurement, total","Ketosteroids, 17- (17-ks); total"
2026,83593,,20260101,N,00028.50,Fractionation ketosteroids,"Ketosteroids, 17 (hormone) measurement, fractionation","Ketosteroids, 17- (17-ks); fractionation"
2026,83605,,20260101,N,00011.57,Assay of lactic acid,Lactic acid level,Lactate (lactic acid)
2026,83605,QW,20260101,N,00011.57,Assay of lactic acid,Lactic acid level,Lactate (lactic acid)
2026,83615,,20260101,N,00006.04,Lactate (ld) (ldh) enzyme,Lactate dehydrogenase (enzyme) level,"Lactate dehydrogenase (ld), (ldh);"
2026,83625,,20260101,N,00012.79,Assay of ldh enzymes,Lactate dehydrogenase (enzyme) measurement,"Lactate dehydrogenase (ld), (ldh); isoenzymes, separation and quantitation"
2026,83630,,20260101,N,00019.70,Lactoferrin fecal (qual),Stool lactoferrin (immune system protein) analysis,"Lactoferrin, fecal; qualitative"
2026,83631,,20260101,N,00019.63,Lactoferrin fecal (quant),Stool lactoferrin (immune system protein) level,"Lactoferrin, fecal; quantitative"
2026,83632,,20260101,N,00020.22,Placental lactogen,Human placental lactogen (placental hormone) level,"Lactogen, human placental (hpl) human chorionic somatomammotropin"
2026,83633,,20260101,N,00011.25,Test urine for lactose,Urine lactose (carbohydrate) analysis,"Lactose, urine, qualitative"
2026,83655,,20260101,N,00012.11,Assay of lead,Lead level,Lead
2026,83655,QW,20260101,N,00012.11,Assay of lead,Lead level,Lead
2026,83661,,20260101,N,00021.99,L/s ratio fetal lung,"Fetal lung maturity assessment, lecithin sphingomyelin (L/S) ratio",Fetal lung maturity assessment; lecithin sphingomyelin (l/s) ratio
2026,83662,,20260101,N,00018.91,Foam stability fetal lung,"Fetal lung maturity assessment, foam stability test",Fetal lung maturity assessment; foam stability test
2026,83663,,20260101,N,00018.91,Fluoro polarize fetal lung,"Fetal lung maturity assessment, fluorescence polarization",Fetal lung maturity assessment; fluorescence polarization
2026,83664,,20260101,N,00019.32,Lamellar bdy fetal lung,"Fetal lung maturity assessment, lamellar body density",Fetal lung maturity assessment; lamellar body density
2026,83670,,20260101,N,00009.81,Assay of lap enzyme,Leucine aminopeptidase (enzyme) level,Leucine aminopeptidase (lap)
2026,83690,,20260101,N,00006.89,Assay of lipase,Lipase (fat enzyme) level,Lipase
2026,83695,,20260101,N,00014.32,Assay of lipoprotein(a),Lipoprotein (A) level,Lipoprotein (a)
2026,83698,,20260101,N,00046.31,Assay lipoprotein pla2,Lipoprotein-associated phospholipase A2 (enzyme) level,Lipoprotein-associated phospholipase a2 (lp-pla2)
2026,83700,,20260101,N,00011.26,Lipopro bld electrophoretic,"Lipoprotein level, electrophoretic separation and quantitation","Lipoprotein, blood; electrophoretic separation and quantitation"
2026,83701,,20260101,N,00033.86,Lipoprotein bld hr fraction,Lipoprotein measurement,"Lipoprotein, blood; high resolution fractionation and quantitation of lipoproteins including lipoprotein subclasses when performed (eg, electrophoresis, ultracentrifugation)"
2026,83704,,20260101,N,00034.19,Lipoprotein bld quan part,"Lipoprotein level, quantitation of lipoprotein particle number(s)","Lipoprotein, blood; quantitation of lipoprotein particle number(s) (eg, by nuclear magnetic resonance spectroscopy), includes lipoprotein particle subclass(es), when performed"
2026,83718,,20260101,N,00008.19,Assay of lipoprotein,HDL cholesterol level,"Lipoprotein, direct measurement; high density cholesterol (hdl cholesterol)"
2026,83718,QW,20260101,N,00008.19,Assay of lipoprotein,HDL cholesterol level,"Lipoprotein, direct measurement; high density cholesterol (hdl cholesterol)"
2026,83719,,20260101,N,00012.75,Assay of blood lipoprotein,VLDL cholesterol level,"Lipoprotein, direct measurement; vldl cholesterol"
2026,83721,,20260101,N,00010.50,Assay of blood lipoprotein,LDL cholesterol level,"Lipoprotein, direct measurement; ldl cholesterol"
2026,83721,QW,20260101,N,00010.50,Assay of blood lipoprotein,LDL cholesterol level,"Lipoprotein, direct measurement; ldl cholesterol"
2026,83722,,20260101,N,00034.19,Lipoprtn dir meas sd ldl chl,Measurement of small dense low density lipoprotein cholesterol,"Lipoprotein, direct measurement; small dense ldl cholesterol"
2026,83727,,20260101,N,00017.19,Assay of lrh hormone,Luteinizing releasing factor (reproductive hormone) level,Luteinizing releasing factor (lrh)
2026,83735,,20260101,N,00006.70,Assay of magnesium,Magnesium level,Magnesium
2026,83775,,20260101,N,00007.37,Assay malate dehydrogenase,Malate dehydrogenase (enzyme) level,Malate dehydrogenase
2026,83785,,20260101,N,00026.65,Assay of manganese,Manganese (heavy metal) level,Manganese
2026,83789,,20260101,N,00024.11,Mass spectrometry qual/quan,Mass spectrometry (laboratory testing method),"Mass spectrometry and tandem mass spectrometry (eg, ms, ms/ms, maldi, ms-tof, qtof), non-drug analyte(s) not elsewhere specified, qualitative or quantitative, each specimen"
2026,83825,,20260101,N,00016.26,Assay of mercury,Mercury level,"Mercury, quantitative"
2026,83835,,20260101,N,00016.94,Assay of metanephrines,Metanephrines level,Metanephrines
2026,83857,,20260101,N,00010.74,Assay of methemalbumin,Methemalbumin (protein) level,Methemalbumin
2026,83861,,20260101,N,00022.48,Microfluid analy tears,Microfluid analysis of tears,"Microfluidic analysis utilizing an integrated collection and analysis device, tear osmolarity"
2026,83861,QW,20260101,N,00022.48,Microfluid analy tears,Microfluid analysis of tears,"Microfluidic analysis utilizing an integrated collection and analysis device, tear osmolarity"
2026,83864,,20260101,N,00028.50,Mucopolysaccharides,Mucopolysaccharides (protein) level,"Mucopolysaccharides, acid, quantitative"
2026,83872,,20260101,N,00005.86,Assay synovial fluid mucin,Joint fluid diagnostic test,"Mucin, synovial fluid (ropes test)"
2026,83873,,20260101,N,00017.20,Assay of csf protein,"Myelin basic protein (nerve protein) level, spinal fluid","Myelin basic protein, cerebrospinal fluid"
2026,83874,,20260101,N,00012.92,Assay of myoglobin,Myoglobin (muscle protein) level,Myoglobin
2026,83876,,20260101,N,00050.86,Assay myeloperoxidase,Myeloperoxidase (white blood cell enzyme) measurement,Myeloperoxidase (mpo)
2026,83880,,20260101,N,00039.26,Assay of natriuretic peptide,Natriuretic peptide (heart and blood vessel protein) level,Natriuretic peptide
2026,83880,QW,20260101,N,00039.26,Assay of natriuretic peptide,Natriuretic peptide (heart and blood vessel protein) level,Natriuretic peptide
2026,83883,,20260101,N,00013.60,Assay nephelometry not spec,"Nephelometry, test method using light","Nephelometry, each analyte not elsewhere specified"
2026,83884,,20260101,N,00116.23,Assay neurflmnt light chain,Test for neurofilament light chain,Neurofilament light chain (nfl)
2026,83885,,20260101,N,00024.51,Assay of nickel,Nickel level,Nickel
2026,83915,,20260101,N,00011.15,Assay of nucleotidase,Nucleotidase 5' (enzyme) level,Nucleotidase 5'-
2026,83916,,20260101,N,00027.39,Oligoclonal bands,Measurement of immune substance (oligoclonal bands),Oligoclonal immune (oligoclonal bands)
2026,83918,,20260101,N,00023.60,Organic acids total quant,Organic acids level,"Organic acids; total, quantitative, each specimen"
2026,83919,,20260101,N,00016.45,Organic acids qual each,Organic acids analysis,"Organic acids; qualitative, each specimen"
2026,83921,,20260101,N,00021.21,Organic acid single quant,Organic acid level,"Organic acid, single, quantitative"
2026,83930,,20260101,N,00006.61,Assay of blood osmolality,Blood osmolality (concentration) measurement,Osmolality; blood
2026,83935,,20260101,N,00006.82,Assay of urine osmolality,Urine osmolality (concentration) measurement,Osmolality; urine
2026,83937,,20260101,N,00029.85,Assay of osteocalcin,Osteocalcin (bone protein) level,Osteocalcin (bone g1a protein)
2026,83945,,20260101,N,00014.45,Assay of oxalate,Oxalate level,Oxalate
2026,83950,,20260101,N,00064.41,Oncoprotein her-2/neu,HER-2 oncoprotein (cancer related gene) measurement,Oncoprotein; her-2/neu
2026,83951,,20260101,N,00064.41,Oncoprotein dcp,Oncoprotein (cancer related gene) measurement,Oncoprotein; des-gamma-carboxy-prothrombin (dcp)
2026,83970,,20260101,N,00041.28,Assay of parathormone,Parathormone (parathyroid hormone) level,Parathormone (parathyroid hormone)
2026,83986,,20260101,N,00003.58,Assay ph body fluid nos,Body fluid pH level,"Ph; body fluid, not otherwise specified"
2026,83986,QW,20260101,N,00003.58,Assay ph body fluid nos,Body fluid pH level,"Ph; body fluid, not otherwise specified"
2026,83987,,20260101,N,00003.58,Exhaled breath condensate,pH exhaled breath,Ph; exhaled breath condensate
2026,83993,,20260101,N,00019.63,Assay for calprotectin fecal,Stool calprotectin (protein) level,"Calprotectin, fecal"
2026,84030,,20260101,N,00005.50,Assay of blood pku,"Phenylalanine, PKU (amino acid) level","Phenylalanine (pku), blood"
2026,84035,,20260101,N,00003.98,Assay of phenylketones,Phenylketones (ketone) analysis,"Phenylketones, qualitative"
2026,84060,,20260101,N,00007.64,Assay acid phosphatase,"Phosphatase (enzyme) measurement, acid, total","Phosphatase, acid; total"
2026,84066,,20260101,N,00009.66,Assay prostate phosphatase,"Phosphatase, prostatic (prostate enzyme) level","Phosphatase, acid; prostatic"
2026,84075,,20260101,N,00005.18,Assay alkaline phosphatase,"Phosphatase (enzyme) level, alkaline","Phosphatase, alkaline;"
2026,84075,QW,20260101,N,00005.18,Assay alkaline phosphatase,"Phosphatase (enzyme) level, alkaline","Phosphatase, alkaline;"
2026,84078,,20260101,N,00008.26,Assay alkaline phosphatase,"Phosphatase (enzyme) level, alkaline, heat stable","Phosphatase, alkaline; heat stable (total not included)"
2026,84080,,20260101,N,00014.78,Assay alkaline phosphatases,"Phosphatase (enzyme) measurement, alkaline, isoenzymes","Phosphatase, alkaline; isoenzymes"
2026,84081,,20260101,N,00016.52,Assay phosphatidylglycerol,Phosphatidylglycerol (amniotic fluid organic acid) level,Phosphatidylglycerol
2026,84085,,20260101,N,00009.44,Assay of rbc pg6d enzyme,"Phosphogluconate, 6, dehydrogenase (enzyme) level","Phosphogluconate, 6-, dehydrogenase, rbc"
2026,84087,,20260101,N,00010.73,Assay phosphohexose enzymes,Phosphohexose isomerase (enzyme) level,Phosphohexose isomerase
2026,84100,,20260101,N,00004.74,Assay of phosphorus,Phosphate level,Phosphorus inorganic (phosphate);
2026,84105,,20260101,N,00005.78,Assay of urine phosphorus,Urine phosphate level,Phosphorus inorganic (phosphate); urine
2026,84106,,20260101,N,00005.82,Test for porphobilinogen,Urine porphobilinogen (metabolism substance) analysis,"Porphobilinogen, urine; qualitative"
2026,84110,,20260101,N,00008.44,Assay of porphobilinogen,Urine porphobilinogen (metabolism substance) level,"Porphobilinogen, urine; quantitative"
2026,84112,,20260101,N,00098.11,Eval amniotic fluid protein,Cervicovaginal secretion of placenta protein,"Evaluation of cervicovaginal fluid for specific amniotic fluid protein(s) (eg, placental alpha microglobulin-1 [pamg-1], placental protein 12 [pp12], alpha-fetoprotein), qualitative, each specimen"
2026,84119,,20260101,N,00013.36,Test urine for porphyrins,Urine porphyrins (metabolism substance) analysis,"Porphyrins, urine; qualitative"
2026,84120,,20260101,N,00014.71,Assay of urine porphyrins,Urine porphyrins (metabolism substance) measurement,"Porphyrins, urine; quantitation and fractionation"
2026,84126,,20260101,N,00039.11,Assay of feces porphyrins,Stool porphyrins (metabolism substance) level,"Porphyrins, feces, quantitative"
2026,84132,,20260101,N,00004.76,Assay of serum potassium,Blood potassium level,"Potassium; serum, plasma or whole blood"
2026,84132,QW,20260101,N,00004.76,Assay of serum potassium,Blood potassium level,"Potassium; serum, plasma or whole blood"
2026,84133,,20260101,N,00004.73,Assay of urine potassium,Urine potassium level,Potassium; urine
2026,84134,,20260101,N,00014.59,Assay of prealbumin,Prealbumin (protein) level,Prealbumin
2026,84135,,20260101,N,00021.27,Assay of pregnanediol,Pregnanediol (reproductive hormone) level,Pregnanediol
2026,84138,,20260101,N,00021.05,Assay of pregnanetriol,Pregnanetriol (reproductive hormone) level,Pregnanetriol
2026,84140,,20260101,N,00020.67,Assay of pregnenolone,Pregnenolone (reproductive hormone) level,Pregnenolone
2026,84143,,20260101,N,00022.81,Assay of 17-hydroxypregneno,17-hydroxypregnenolone (hormone) level,17-hydroxypregnenolone
2026,84144,,20260101,N,00020.86,Assay of progesterone,Progesterone (reproductive hormone) level,Progesterone
2026,84145,,20260101,N,00027.22,Procalcitonin (pct),Procalcitonin (hormone) level,Procalcitonin (pct)
2026,84146,,20260101,N,00019.38,Assay of prolactin,Prolactin (milk producing hormone) level,Prolactin
2026,84150,,20260101,N,00041.77,Assay of prostaglandin,Prostaglandin (hormone) level,"Prostaglandin, each"
2026,84152,,20260101,N,00018.39,Assay of psa complexed,"PSA (prostate specific antigen) measurement, complexed",Prostate specific antigen (psa); complexed (direct measurement)
2026,84153,,20260101,N,00018.39,Assay of psa total,"PSA (prostate specific antigen) measurement, total",Prostate specific antigen (psa); total
2026,84154,,20260101,N,00018.39,Assay of psa free,"PSA (prostate specific antigen) measurement, free",Prostate specific antigen (psa); free
2026,84155,,20260101,N,00003.67,Assay of protein serum,"Total protein level, blood","Protein, total, except by refractometry; serum, plasma or whole blood"
2026,84155,QW,20260101,N,00003.67,Assay of protein serum,"Total protein level, blood","Protein, total, except by refractometry; serum, plasma or whole blood"
2026,84156,,20260101,N,00003.67,Assay of protein urine,"Total protein level, urine","Protein, total, except by refractometry; urine"
2026,84157,,20260101,N,00004.00,Assay of protein other,"Total protein level, body fluid","Protein, total, except by refractometry; other source (eg, synovial fluid, cerebrospinal fluid)"
2026,84157,QW,20260101,N,00004.00,Assay of protein other,"Total protein level, body fluid","Protein, total, except by refractometry; other source (eg, synovial fluid, cerebrospinal fluid)"
2026,84160,,20260101,N,00005.61,Assay of protein any source,Total protein level,"Protein, total, by refractometry, any source"
2026,84163,,20260101,N,00015.05,Pappa serum,Pregnancy-associated plasma protein-A level,Pregnancy-associated plasma protein-a (papp-a)
2026,84165,,20260101,N,00010.74,Protein e-phoresis serum,"Protein measurement, serum","Protein; electrophoretic fractionation and quantitation, serum"
2026,84166,,20260101,N,00017.83,Protein e-phoresis/urine/csf,"Protein measurement, body fluid","Protein; electrophoretic fractionation and quantitation, other fluids with concentration (eg, urine, csf)"
2026,84181,,20260101,N,00017.03,Western blot test,Protein measurement,"Protein; western blot, with interpretation and report, blood or other body fluid"
2026,84182,,20260101,N,00029.21,Protein western blot test,"Protein measurement, immunological probe for band identification","Protein; western blot, with interpretation and report, blood or other body fluid, immunological probe for band identification, each"
2026,84202,,20260101,N,00014.35,Assay rbc protoporphyrin,Protoporphyrin (metabolism substance) level,"Protoporphyrin, rbc; quantitative"
2026,84203,,20260101,N,00009.74,Test rbc protoporphyrin,Protoporphyrin (metabolism substance) screening test,"Protoporphyrin, rbc; screen"
2026,84206,,20260101,N,00026.69,Assay of proinsulin,Proinsulin (pancreatic hormone) level,Proinsulin
2026,84207,,20260101,N,00028.10,Assay of vitamin b-6,Vitamin B-6 level,Pyridoxal phosphate (vitamin b-6)
2026,84210,,20260101,N,00014.48,Assay of pyruvate,Pyruvate (organic acid) level,Pyruvate
2026,84220,,20260101,N,00009.44,Assay of pyruvate kinase,Pyruvate kinase (enzyme) level,Pyruvate kinase
2026,84228,,20260101,N,00011.63,Assay of quinine,Quinine (drug) level,Quinine
2026,84233,,20260101,N,00087.88,Assay of estrogen,Estrogen receptor analysis,Receptor assay; estrogen
2026,84234,,20260101,N,00064.88,Assay of progesterone,Progesterone (reproductive hormone) receptor analysis,Receptor assay; progesterone
2026,84235,,20260101,N,00071.23,Assay of endocrine hormone,Hormone receptor analysis,"Receptor assay; endocrine, other than estrogen or progesterone (specify hormone)"
2026,84238,,20260101,N,00036.57,Assay nonendocrine receptor,Chemical receptor analysis,Receptor assay; non-endocrine (specify receptor)
2026,84244,,20260101,N,00021.99,Assay of renin,Renin (kidney enzyme) level,Renin
2026,84252,,20260101,N,00020.24,Assay of vitamin b-2,Vitamin B-2 (riboflavin) level,Riboflavin (vitamin b-2)
2026,84255,,20260101,N,00025.53,Assay of selenium,Selenium (vitamin) level,Selenium
2026,84260,,20260101,N,00030.98,Assay of serotonin,Serotonin (hormone) level,Serotonin
2026,84270,,20260101,N,00021.73,Assay of sex hormone globul,Sex hormone binding globulin (protein) level,Sex hormone binding globulin (shbg)
2026,84275,,20260101,N,00013.44,Assay of sialic acid,Sialic acid (organic acid) level,Sialic acid
2026,84285,,20260101,N,00025.21,Assay of silica,Silica (silicon) level,Silica
2026,84295,,20260101,N,00004.81,Assay of serum sodium,Blood sodium level,"Sodium; serum, plasma or whole blood"
2026,84295,QW,20260101,N,00004.81,Assay of serum sodium,Blood sodium level,"Sodium; serum, plasma or whole blood"
2026,84300,,20260101,N,00005.06,Assay of urine sodium,Urine sodium level,Sodium; urine
2026,84302,,20260101,N,00004.86,Assay of sweat sodium,Sodium level,Sodium; other source
2026,84305,,20260101,N,00021.26,Assay of somatomedin,Somatomedin (growth factor) level,Somatomedin
2026,84307,,20260101,N,00018.28,Assay of somatostatin,Somatostatin (growth hormone inhibitor) level,Somatostatin
2026,84311,,20260101,N,00008.10,Spectrophotometry,Chemical analysis using spectrophotometry (light),"Spectrophotometry, analyte not elsewhere specified"
2026,84315,,20260101,N,00003.28,Body fluid specific gravity,Specific gravity (liquid weight) measurement,Specific gravity (except urine)
2026,84375,,20260101,N,00039.00,Chromatogram assay sugars,Carbohydrate (sugar) analysis,"Sugars, chromatographic, tlc or paper chromatography"
2026,84376,,20260101,N,00005.50,Sugars single qual,"Carbohydrate analysis, single qualitative","Sugars (mono-, di-, and oligosaccharides); single qualitative, each specimen"
2026,84377,,20260101,N,00005.50,Sugars multiple qual,"Carbohydrate analysis, multiple qualitative","Sugars (mono-, di-, and oligosaccharides); multiple qualitative, each specimen"
2026,84378,,20260101,N,00011.53,Sugars single quant,"Carbohydrate analysis, single quantitative","Sugars (mono-, di-, and oligosaccharides); single quantitative, each specimen"
2026,84379,,20260101,N,00011.53,Sugars multiple quant,"Carbohydrate analysis, multiple quantitative","Sugars (mono-, di-, and oligosaccharides); multiple quantitative, each specimen"
2026,84392,,20260101,N,00005.49,Assay of urine sulfate,Urine sulfate (acid) level,"Sulfate, urine"
2026,84393,,20260101,N,00128.92,Tau phosphorylated ea,Test for phosphorylated Tau protein,"Tau, phosphorylated (eg, ptau 181, ptau 217), each"
2026,84394,,20260101,N,00128.92,Total tau,Test for total Tau protein,"Tau, total (ttau)"
2026,84402,,20260101,N,00025.47,Assay of free testosterone,"Testosterone (hormone) level, free",Testosterone; free
2026,84403,,20260101,N,00025.81,Assay of total testosterone,"Testosterone (hormone) level, total",Testosterone; total
2026,84410,,20260101,N,00051.28,Testosterone bioavailable,Testosterone level,"Testosterone; bioavailable, direct measurement (eg, differential precipitation)"
2026,84425,,20260101,N,00021.23,Assay of vitamin b-1,Vitamin B-1 (thiamine) level,Thiamine (vitamin b-1)
2026,84430,,20260101,N,00011.63,Assay of thiocyanate,Thiocyanate (organic sulfur substance) level,Thiocyanate
2026,84431,,20260101,N,00035.11,Thromboxane urine,Urine analysis for thromboxane (lipid),"Thromboxane metabolite(s), including thromboxane if performed, urine"
2026,84432,,20260101,N,00016.06,Assay of thyroglobulin,Thyroglobulin (thyroid related hormone) level,Thyroglobulin
2026,84433,,20260101,N,00022.17,Asy thiopurin s-mthyltrnsfrs,Evaluation of thiopurine S-methyltransferase (TPMT),Thiopurine s-methyltransferase (tpmt)
2026,84436,,20260101,N,00006.87,Assay of total thyroxine,"Thyroxine (thyroid chemical), total",Thyroxine; total
2026,84437,,20260101,N,00006.47,Assay of neonatal thyroxine,"Thyroxine (thyroid chemical), requiring elution","Thyroxine; requiring elution (eg, neonatal)"
2026,84439,,20260101,N,00009.02,Assay of free thyroxine,"Thyroxine (thyroid chemical), free",Thyroxine; free
2026,84442,,20260101,N,00014.78,Assay of thyroid activity,Thyroxine binding globulin (thyroid related protein) level,Thyroxine binding globulin (tbg)
2026,84443,,20260101,N,00016.80,Assay thyroid stim hormone,"Blood test, thyroid stimulating hormone (TSH)",Thyroid stimulating hormone (tsh)
2026,84443,QW,20260101,N,00016.80,Assay thyroid stim hormone,"Blood test, thyroid stimulating hormone (TSH)",Thyroid stimulating hormone (tsh)
2026,84445,,20260101,N,00050.86,Assay of tsi globulin,Thyroid stimulating immune globulins (thyroid related protein) level,Thyroid stimulating immune globulins (tsi)
2026,84446,,20260101,N,00014.18,Assay of vitamin e,Vitamin E level,Tocopherol alpha (vitamin e)
2026,84449,,20260101,N,00018.00,Assay of transcortin,Transcortin (cortisol binding protein) level,Transcortin (cortisol binding globulin)
2026,84450,,20260101,N,00005.18,Transferase (ast) (sgot),"Liver enzyme (SGOT), level",Transferase; aspartate amino (ast) (sgot)
2026,84450,QW,20260101,N,00005.18,Transferase (ast) (sgot),"Liver enzyme (SGOT), level",Transferase; aspartate amino (ast) (sgot)
2026,84460,,20260101,N,00005.30,Alanine amino (alt) (sgpt),"Liver enzyme (SGPT), level",Transferase; alanine amino (alt) (sgpt)
2026,84460,QW,20260101,N,00005.30,Alanine amino (alt) (sgpt),"Liver enzyme (SGPT), level",Transferase; alanine amino (alt) (sgpt)
2026,84466,,20260101,N,00012.76,Assay of transferrin,Transferrin (iron binding protein) level,Transferrin
2026,84478,,20260101,N,00005.74,Assay of triglycerides,Triglycerides level,Triglycerides
2026,84478,QW,20260101,N,00005.74,Assay of triglycerides,Triglycerides level,Triglycerides
2026,84479,,20260101,N,00006.47,Assay of thyroid (t3 or t4),Thyroid hormone evaluation,Thyroid hormone (t3 or t4) uptake or thyroid hormone binding ratio (thbr)
2026,84480,,20260101,N,00014.18,Assay triiodothyronine (t3),"Thyroid hormone, T3 measurement, total",Triiodothyronine t3; total (tt-3)
2026,84481,,20260101,N,00016.94,Free assay (ft-3),"Thyroid hormone, T3 measurement, free",Triiodothyronine t3; free
2026,84482,,20260101,N,00015.76,T3 reverse,"Thyroid hormone, T3 measurement, reverse",Triiodothyronine t3; reverse
2026,84484,,20260101,N,00012.47,Assay of troponin quant,"Troponin (protein) analysis, quantitative","Troponin, quantitative"
2026,84485,,20260101,N,00007.20,Assay duodenal fluid trypsin,"Trypsin (pancreatic enzyme) measurement, intestinal fluid",Trypsin; duodenal fluid
2026,84488,,20260101,N,00007.30,Test feces for trypsin,"Trypsin (pancreatic enzyme) analysis, stool","Trypsin; feces, qualitative"
2026,84490,,20260101,N,00009.93,Assay of feces for trypsin,"Stool trypsin (pancreatic enzyme) analysis, 24-hour collection","Trypsin; feces, quantitative, 24-hour collection"
2026,84510,,20260101,N,00010.63,Assay of tyrosine,Tyrosine (amino acid) level,Tyrosine
2026,84512,,20260101,N,00010.09,Assay of troponin qual,"Troponin (protein) analysis, qualitative","Troponin, qualitative"
2026,84520,,20260101,N,00003.95,Assay of urea nitrogen,"Urea nitrogen level to assess kidney function, quantitative",Urea nitrogen; quantitative
2026,84520,QW,20260101,N,00003.95,Assay of urea nitrogen,"Urea nitrogen level to assess kidney function, quantitative",Urea nitrogen; quantitative
2026,84525,,20260101,N,00005.13,Urea nitrogen semi-quant,"Urea nitrogen level to assess kidney function, semiquantitative","Urea nitrogen; semiquantitative (eg, reagent strip test)"
2026,84540,,20260101,N,00005.56,Assay of urine/urea-n,"Urea nitrogen level to assess kidney function, urine","Urea nitrogen, urine"
2026,84545,,20260101,N,00007.20,Urea-n clearance test,"Urea nitrogen level to assess kidney function, clearance","Urea nitrogen, clearance"
2026,84550,,20260101,N,00004.52,Assay of blood/uric acid,"Uric acid level, blood",Uric acid; blood
2026,84550,QW,20260101,N,00004.52,Assay of blood/uric acid,"Uric acid level, blood",Uric acid; blood
2026,84560,,20260101,N,00005.08,Assay of urine/uric acid,Uric acid level,Uric acid; other source
2026,84577,,20260101,N,00016.80,Assay of feces/urobilinogen,"Urobilinogen (metabolism substance) level, stool","Urobilinogen, feces, quantitative"
2026,84578,,20260101,N,00004.47,Test urine urobilinogen,"Urobilinogen (metabolism substance) analysis, urine","Urobilinogen, urine; qualitative"
2026,84580,,20260101,N,00009.55,Assay of urine urobilinogen,"Urobilinogen (metabolism substance) level, urine","Urobilinogen, urine; quantitative, timed specimen"
2026,84583,,20260101,N,00006.05,Assay of urine urobilinogen,"Urobilinogen (metabolism substance) measurement, urine","Urobilinogen, urine; semiquantitative"
2026,84585,,20260101,N,00015.50,Assay of urine vma,Urine vanillylmandelic acid,"Vanillylmandelic acid (vma), urine"
2026,84586,,20260101,N,00035.33,Assay of vip,Vasoactive intestinal peptide (intestinal hormone) level,Vasoactive intestinal peptide (vip)
2026,84588,,20260101,N,00033.94,Assay of vasopressin,ADH (antidiuretic hormone) level,"Vasopressin (antidiuretic hormone, adh)"
2026,84590,,20260101,N,00011.61,Assay of vitamin a,Vitamin A level,Vitamin a
2026,84591,,20260101,N,00017.06,Assay of nos vitamin,Vitamin measurement,"Vitamin, not otherwise specified"
2026,84597,,20260101,N,00013.72,Assay of vitamin k,Vitamin K level,Vitamin k
2026,84600,,20260101,N,00017.11,Assay of volatiles,Volatile chemical measurement,"Volatiles (eg, acetic anhydride, diethylether)"
2026,84620,,20260101,N,00012.91,Xylose tolerance test,Xylose (carbohydrate) absorption test of blood and/or urine,"Xylose absorption test, blood and/or urine"
2026,84630,,20260101,N,00011.39,Assay of zinc,Zinc level,Zinc
2026,84681,,20260101,N,00020.81,Assay of c-peptide,C-peptide (protein) level,C-peptide
2026,84702,,20260101,N,00015.05,Chorionic gonadotropin test,"Gonadotropin, chorionic (reproductive hormone) level","Gonadotropin, chorionic (hcg); quantitative"
2026,84703,,20260101,N,00007.52,Chorionic gonadotropin assay,Gonadotropin (reproductive hormone) analysis,"Gonadotropin, chorionic (hcg); qualitative"
2026,84703,QW,20260101,N,00007.52,Chorionic gonadotropin assay,Gonadotropin (reproductive hormone) analysis,"Gonadotropin, chorionic (hcg); qualitative"
2026,84704,,20260101,N,00015.29,Hcg free betachain test,"Gonadotropin, chorionic (reproductive hormone) measurement","Gonadotropin, chorionic (hcg); free beta chain"
2026,84830,,20260101,N,00012.70,Ovulation tests,Ovulation tests,"Ovulation tests, by visual color comparison methods for human luteinizing hormone"
2026,85002,,20260101,N,00004.82,Bleeding time test,Bleeding time,Bleeding time
2026,85004,,20260101,N,00006.47,Automated diff wbc count,White blood cell count,Blood count; automated differential wbc count
2026,85007,,20260101,N,00003.80,Bl smear w/diff wbc count,Microscopic examination for white blood cells with manual cell count,"Blood count; blood smear, microscopic examination with manual differential wbc count"
2026,85008,,20260101,N,00003.43,Bl smear w/o diff wbc count,Microscopic examination for white blood cells,"Blood count; blood smear, microscopic examination without manual differential wbc count"
2026,85009,,20260101,N,00005.07,Manual diff wbc count b-coat,Manual white blood cell count and evaluation,"Blood count; manual differential wbc count, buffy coat"
2026,85013,,20260101,N,00007.00,Spun microhematocrit,Red blood cell hemoglobin concentration,Blood count; spun microhematocrit
2026,85014,,20260101,N,00002.37,Hematocrit,Red blood cell concentration measurement,Blood count; hematocrit (hct)
2026,85014,QW,20260101,N,00002.37,Hematocrit,Red blood cell concentration measurement,Blood count; hematocrit (hct)
2026,85018,,20260101,N,00002.37,Hemoglobin,"Blood count, hemoglobin",Blood count; hemoglobin (hgb)
2026,85018,QW,20260101,N,00002.37,Hemoglobin,"Blood count, hemoglobin",Blood count; hemoglobin (hgb)
2026,85025,,20260101,N,00007.77,Complete cbc w/auto diff wbc,"Complete blood cell count (red cells, white blood cell, platelets), automated","Blood count; complete (cbc), automated (hgb, hct, rbc, wbc and platelet count) and automated differential wbc count"
2026,85025,QW,20260101,N,00007.77,Complete cbc w/auto diff wbc,"Complete blood cell count (red cells, white blood cell, platelets), automated","Blood count; complete (cbc), automated (hgb, hct, rbc, wbc and platelet count) and automated differential wbc count"
2026,85027,,20260101,N,00006.47,Complete cbc automated,"Complete blood cell count (red cells, white blood cell, platelets), automated","Blood count; complete (cbc), automated (hgb, hct, rbc, wbc and platelet count)"
2026,85032,,20260101,N,00004.31,Manual cell count each,Manual blood cell count,"Blood count; manual cell count (erythrocyte, leukocyte, or platelet) each"
2026,85041,,20260101,N,00003.02,Automated rbc count,"Red blood cell count, automated test","Blood count; red blood cell (rbc), automated"
2026,85044,,20260101,N,00004.31,Manual reticulocyte count,"Red blood count, manual test","Blood count; reticulocyte, manual"
2026,85045,,20260101,N,00003.99,Automated reticulocyte count,"Red blood count, automated test","Blood count; reticulocyte, automated"
2026,85046,,20260101,N,00005.57,Reticyte/hgb concentrate,"Red blood count automated, with additional calculations","Blood count; reticulocytes, automated, including 1 or more cellular parameters (eg, reticulocyte hemoglobin content [chr], immature reticulocyte fraction [irf], reticulocyte volume [mrv], rna content), direct measurement"
2026,85048,,20260101,N,00002.54,Automated leukocyte count,Automated white blood cell count,"Blood count; leukocyte (wbc), automated"
2026,85049,,20260101,N,00004.48,Automated platelet count,"Platelet count, automated test","Blood count; platelet, automated"
2026,85055,,20260101,N,00035.74,Reticulated platelet assay,Reticulated (young) platelet measurement,Reticulated platelet assay
2026,85130,,20260101,N,00011.89,Chromogenic substrate assay,Assessment of blood clotting function,Chromogenic substrate assay
2026,85170,,20260101,N,00016.30,Blood clot retraction,"Blood clot evaluation, (retraction time)",Clot retraction
2026,85175,,20260101,N,00020.37,Blood clot lysis time,"Blood clot evaluation, (clot dissolving time)","Clot lysis time, whole blood dilution"
2026,85210,,20260101,N,00012.98,Clot factor ii prothrom spec,"Clotting factor II prothrombin, measurement","Clotting; factor ii, prothrombin, specific"
2026,85220,,20260101,N,00017.65,Blooc clot factor v test,Clotting factor V (AcG or proaccelerin) measurement,"Clotting; factor v (acg or proaccelerin), labile factor"
2026,85230,,20260101,N,00017.90,Clot factor vii proconvertin,"Clotting factor VII (proconvertin, stable factor)","Clotting; factor vii (proconvertin, stable factor)"
2026,85240,,20260101,N,00017.90,Clot factor viii ahg 1 stage,Clotting factor VIII (AHG) measurement,"Clotting; factor viii (ahg), 1-stage"
2026,85244,,20260101,N,00020.42,Clot factor viii reltd antgn,Clotting factor VIII related antigen measurement,Clotting; factor viii related antigen
2026,85245,,20260101,N,00022.94,Clot factor viii vw ristoctn,Clotting factor VIII (VW factor) measurement,"Clotting; factor viii, vw factor, ristocetin cofactor"
2026,85246,,20260101,N,00022.94,Clot factor viii vw antigen,Clotting factor VIII (VW factor) antigen,"Clotting; factor viii, vw factor antigen"
2026,85247,,20260101,N,00022.94,Clot factor viii multimetric,Clotting factor VIII (von Willebrand factor) measurement,"Clotting; factor viii, von willebrand factor, multimetric analysis"
2026,85250,,20260101,N,00019.04,Clot factor ix ptc/chrstmas,Clotting factor IX (PTC or Christmas) measurement,Clotting; factor ix (ptc or christmas)
2026,85260,,20260101,N,00017.90,Clot factor x stuart-power,Clotting factor X (Stuart-Prower) measurement,Clotting; factor x (stuart-prower)
2026,85270,,20260101,N,00017.90,Clot factor xi pta,Clotting factor XI (PTA) measurement,Clotting; factor xi (pta)
2026,85280,,20260101,N,00019.35,Clot factor xii hageman,Clotting factor XII (Hageman) measurement,Clotting; factor xii (hageman)
2026,85290,,20260101,N,00016.34,Clot factor xiii fibrin stab,Clotting factor XIII (fibrin stabilizing) measurement,Clotting; factor xiii (fibrin stabilizing)
2026,85291,,20260101,N,00009.11,Clot factor xiii fibrin scrn,Clotting factor XIII (fibrin stabilizing) screening test,"Clotting; factor xiii (fibrin stabilizing), screen solubility"
2026,85292,,20260101,N,00018.93,Clot factor fletcher fact,Fletcher factor (clotting factor) measurement,Clotting; prekallikrein assay (fletcher factor assay)
2026,85293,,20260101,N,00018.93,Clot factor wght kininogen,Fitzgerald factor (clotting factor) measurement,Clotting; high molecular weight kininogen assay (fitzgerald factor assay)
2026,85300,,20260101,N,00011.85,Antithrombin iii activity,Antithrombin III antigen (clotting inhibitor) activity,"Clotting inhibitors or anticoagulants; antithrombin iii, activity"
2026,85301,,20260101,N,00010.81,Antithrombin iii antigen,Antithrombin III antigen (clotting inhibitor) level,"Clotting inhibitors or anticoagulants; antithrombin iii, antigen assay"
2026,85302,,20260101,N,00012.01,Clot inhibit prot c antigen,"Protein C, (clotting inhibitor) activity","Clotting inhibitors or anticoagulants; protein c, antigen"
2026,85303,,20260101,N,00013.84,Clot inhibit prot c activity,Protein C antigen (clotting inhibitor) measurement,"Clotting inhibitors or anticoagulants; protein c, activity"
2026,85305,,20260101,N,00011.61,Clot inhibit prot s total,Protein S (clotting inhibitor) level,"Clotting inhibitors or anticoagulants; protein s, total"
2026,85306,,20260101,N,00015.32,Clot inhibit prot s free,Protein S (clotting inhibitor) measurement,"Clotting inhibitors or anticoagulants; protein s, free"
2026,85307,,20260101,N,00015.32,Assay activated protein c,Activated protein resistance assay,Activated protein c (apc) resistance assay
2026,85335,,20260101,N,00012.87,Factor inhibitor test,Clotting factor inhibitor test,Factor inhibitor test
2026,85337,,20260101,N,00017.27,Thrombomodulin,Thrombomodulin (coagulation protein) measurement,Thrombomodulin
2026,85345,,20260101,N,00004.69,Coagulation time lee & white,"Coagulation time measurement, Lee and White",Coagulation time; lee and white
2026,85347,,20260101,N,00004.28,Coagulation time activated,"Coagulation time measurement, activated",Coagulation time; activated
2026,85348,,20260101,N,00004.49,Coagulation time otr method,"Coagulation time measurement, other methods",Coagulation time; other methods
2026,85360,,20260101,N,00008.41,Euglobulin lysis,Euglobulin lysis (clot dissolving) measurement,Euglobulin lysis
2026,85362,,20260101,N,00006.89,Fibrin degradation products,"Coagulation function analysis, agglutination slide, semiquantitative","Fibrin(ogen) degradation (split) products (fdp) (fsp); agglutination slide, semiquantitative"
2026,85366,,20260101,N,00080.46,Fibrinogen test,"Coagulation function measurement, paracoagulation",Fibrin(ogen) degradation (split) products (fdp) (fsp); paracoagulation
2026,85370,,20260101,N,00012.43,Fibrinogen test,"Coagulation function measurement, quantitative",Fibrin(ogen) degradation (split) products (fdp) (fsp); quantitative
2026,85378,,20260101,N,00009.72,Fibrin degrade semiquant,"Coagulation function measurement, qualitative or semiquantitative","Fibrin degradation products, d-dimer; qualitative or semiquantitative"
2026,85379,,20260101,N,00010.18,Fibrin degradation quant,"Coagulation function measurement, D-dimer; quantitative","Fibrin degradation products, d-dimer; quantitative"
2026,85380,,20260101,N,00010.18,Fibrin degradj d-dimer,"Coagulation function measurement, ultrasensitive, qualitative or","Fibrin degradation products, d-dimer; ultrasensitive (eg, for evaluation for venous thromboembolism), qualitative or semiquantitative"
2026,85384,,20260101,N,00009.72,Fibrinogen activity,Fibrinogen (factor 1) activity measurement,Fibrinogen; activity
2026,85385,,20260101,N,00014.46,Fibrinogen antigen,Fibrinogen (factor 1) antigen detection,Fibrinogen; antigen
2026,85390,,20260101,N,00015.48,Fibrinolysins screen i&r,Coagulation function screening test with interpretation and report,"Fibrinolysins or coagulopathy screen, interpretation and report"
2026,85397,,20260101,N,00030.86,Clotting funct activity,Measurement of blood coagulation and fibrinolysis (clot dissolving) function,"Coagulation and fibrinolysis, functional activity, not otherwise specified (eg, adamts-13), each analyte"
2026,85400,,20260101,N,00007.71,Fibrinolytic plasmin,Plasmin (fibrinolytic factor) measurement,Fibrinolytic factors and inhibitors; plasmin
2026,85410,,20260101,N,00007.71,Fibrinolytic antiplasmin,Alpha-2 antiplasmin (factor inhibitor) measurement,Fibrinolytic factors and inhibitors; alpha-2 antiplasmin
2026,85415,,20260101,N,00017.19,Fibrinolytic plasminogen,Plasminogen activator (fibrinolytic factor) measurement,Fibrinolytic factors and inhibitors; plasminogen activator
2026,85420,,20260101,N,00006.53,Fibrinolytic plasminogen,Plasminogen (fibrinolytic factor) measurement,"Fibrinolytic factors and inhibitors; plasminogen, except antigenic assay"
2026,85421,,20260101,N,00010.18,Fibrinolytic plasminogen,Plasminogen antigenic (factor inhibitor) measurement,"Fibrinolytic factors and inhibitors; plasminogen, antigenic assay"
2026,85441,,20260101,N,00004.20,Heinz bodies direct,"Evaluation of red blood cell defect (Heinz bodies), direct",Heinz bodies; direct
2026,85445,,20260101,N,00006.82,Heinz bodies induced,"Evaluation of red blood cell defect (Heinz bodies), induced","Heinz bodies; induced, acetyl phenylhydrazine"
2026,85460,,20260101,N,00007.73,Hemoglobin fetal,Fetal hemoglobin or red blood cells measurement for assessment of,"Hemoglobin or rbcs, fetal, for fetomaternal hemorrhage; differential lysis (kleihauer-betke)"
2026,85461,,20260101,N,00009.36,Hemoglobin fetal,Fetal hemoglobin or red blood cells measurement for assessment of,"Hemoglobin or rbcs, fetal, for fetomaternal hemorrhage; rosette"
2026,85475,,20260101,N,00008.87,Hemolysin acid,Measurement of hemolysin (red blood cell destructive substance),"Hemolysin, acid"
2026,85520,,20260101,N,00013.09,Heparin assay,Heparin assay,Heparin assay
2026,85525,,20260101,N,00011.84,Heparin neutralization,Heparin neutralization test,Heparin neutralization
2026,85530,,20260101,N,00013.09,Heparin-protamine tolerance,Heparin therapy assessment,Heparin-protamine tolerance test
2026,85536,,20260101,N,00006.88,Iron stain peripheral blood,Blood smear for iron,"Iron stain, peripheral blood"
2026,85540,,20260101,N,00008.60,Wbc alkaline phosphatase,White blood cell alkaline phosphatase (enzyme) measurement with cell count,Leukocyte alkaline phosphatase with count
2026,85547,,20260101,N,00008.60,Rbc mechanical fragility,Red blood cell fragility measurement,"Mechanical fragility, rbc"
2026,85549,,20260101,N,00018.75,Muramidase,White blood cell enzyme activity measurement,Muramidase
2026,85555,,20260101,N,00007.47,Rbc osmotic fragility,"Red blood cell fragility measurement, unincubated","Osmotic fragility, rbc; unincubated"
2026,85557,,20260101,N,00013.36,Rbc osmotic fragility,"Red blood cell fragility measurement, incubated","Osmotic fragility, rbc; incubated"
2026,85576,,20260101,N,00024.91,Blood platelet aggregation,Platelet aggregation function test,"Platelet, aggregation (in vitro), each agent"
2026,85576,QW,20260101,N,00024.91,Blood platelet aggregation,Platelet aggregation function test,"Platelet, aggregation (in vitro), each agent"
2026,85597,,20260101,N,00017.98,Phospholipid pltlt neutraliz,Platelet function test,Phospholipid neutralization; platelet
2026,85598,,20260101,N,00017.98,Hexagnal phosph pltlt neutrl,Phospholipid test,Phospholipid neutralization; hexagonal phospholipid
2026,85610,,20260101,N,00004.29,Prothrombin time,"Blood test, clotting time",Prothrombin time;
2026,85610,QW,20260101,N,00004.29,Prothrombin time,"Blood test, clotting time",Prothrombin time;
2026,85611,,20260101,N,00003.94,Prothrombin test,"Blood test, clotting time, substitution","Prothrombin time; substitution, plasma fractions, each"
2026,85612,,20260101,N,00017.49,Viper venom prothrombin time,"Clotting factor X assessment test, undiluted",Russell viper venom time (includes venom); undiluted
2026,85613,,20260101,N,00009.58,Russell viper venom diluted,"Clotting factor X assessment test, diluted",Russell viper venom time (includes venom); diluted
2026,85635,,20260101,N,00009.85,Reptilase test,Blood coagulation screening test,Reptilase test
2026,85651,,20260101,N,00004.27,Rbc sed rate nonautomated,"Red blood cell sedimentation rate, to detect inflammation, non-automated","Sedimentation rate, erythrocyte; non-automated"
2026,85652,,20260101,N,00002.70,Rbc sed rate automated,"Red blood cell sedimentation rate, to detect inflammation, automated","Sedimentation rate, erythrocyte; automated"
2026,85660,,20260101,N,00005.51,Rbc sickle cell test,Red blood cell sickling measurement,"Sickling of rbc, reduction"
2026,85670,,20260101,N,00005.77,Thrombin time plasma,"Thrombin time, fibrinogen screening test, plasma",Thrombin time; plasma
2026,85675,,20260101,N,00006.85,Thrombin time titer,"Thrombin time, fibrinogen screening test, titer",Thrombin time; titer
2026,85705,,20260101,N,00009.63,Thromboplastin inhibition,Thromboplastin inhibition (circulating anticoagulant) measurement,"Thromboplastin inhibition, tissue"
2026,85730,,20260101,N,00006.01,Thromboplastin time partial,"Coagulation assessment blood test, plasma or whole blood","Thromboplastin time, partial (ptt); plasma or whole blood"
2026,85732,,20260101,N,00006.47,Thromboplastin time partial,"Coagulation assessment blood test, substitution, plasma fractions","Thromboplastin time, partial (ptt); substitution, plasma fractions, each"
2026,85810,,20260101,N,00011.67,Blood viscosity examination,Blood viscosity measurement,Viscosity
2026,86000,,20260101,N,00006.98,Agglutinins febrile antigen,Measurement of antibody to infectious organism,"Agglutinins, febrile (eg, brucella, francisella, murine typhus, q fever, rocky mountain spotted fever, scrub typhus), each antigen"
2026,86001,,20260101,N,00007.82,Allergen specific igg,"Measurement of antibody (IgG) to allergic substance, each allergen","Allergen specific igg quantitative or semiquantitative, each allergen"
2026,86003,,20260101,N,00005.22,Allg spec ige crude xtrc ea,"Measurement of antibody (IgE) to allergic substance, crude allergen extract,","Allergen specific ige; quantitative or semiquantitative, crude allergen extract, each"
2026,86005,,20260101,N,00007.97,Allg spec ige multiallg scr,"Measurement of antibody (IgE) to allergic substance, multiallergen screen","Allergen specific ige; qualitative, multiallergen screen (eg, disk, sponge, card)"
2026,86008,,20260101,N,00017.93,Allg spec ige recomb ea,"Measurement of antibody (IgE) to allergic substance, recombinant or purified","Allergen specific ige; quantitative or semiquantitative, recombinant or purified component, each"
2026,86015,,20260101,N,00012.05,Actin antibody each,Measurement of Actin (smooth muscle) antibody,"Actin (smooth muscle) antibody (asma), each"
2026,86021,,20260101,N,00015.05,Wbc antibody identification,Antibody identification test for white blood cell antibodies,Antibody identification; leukocyte antibodies
2026,86022,,20260101,N,00018.37,Platelet antibodies,"Antibody identification test, platelet antibodies",Antibody identification; platelet antibodies
2026,86023,,20260101,N,00012.46,Immunoglobulin assay,"Antibody identification test, platelet associated immunoglobulin assay",Antibody identification; platelet associated immunoglobulin assay
2026,86036,,20260101,N,00012.05,Anca screen each antibody,Screening test for antineutrophil cytoplasmic antibody,"Antineutrophil cytoplasmic antibody (anca); screen, each antibody"
2026,86037,,20260101,N,00012.05,Anca titer each antibody,Antineutrophil cytoplasmic antibody titer,"Antineutrophil cytoplasmic antibody (anca); titer, each antibody"
2026,86038,,20260101,N,00012.09,Antinuclear antibodies,Screening test for autoimmune disorder,Antinuclear antibodies (ana);
2026,86039,,20260101,N,00011.16,Antinuclear antibodies (ana),"Measurement of antibody for assessment of autoimmune disorder, titer",Antinuclear antibodies (ana); titer
2026,86041,,20260101,N,00018.40,Acetylcholn rcptr bndng antb,Test for acetylcholine receptor binding antibody,Acetylcholine receptor (achr); binding antibody
2026,86042,,20260101,N,00018.40,Acetylcholn rcptr blckg antb,Test for acetylcholine receptor blocking antibody,Acetylcholine receptor (achr); blocking antibody
2026,86043,,20260101,N,00012.05,Acetylcholn rcptr modlg antb,Test for acetylcholine receptor modulating antibody,Acetylcholine receptor (achr); modulating antibody
2026,86051,,20260101,N,00011.53,Aquaporin-4 antb elisa,ELISA detection of aquaporin-4 (neuromyelitis optica [NMO]) antibody,Aquaporin-4 (neuromyelitis optica [nmo]) antibody; enzyme-linked immunosorbent immunoassay (elisa)
2026,86052,,20260101,N,00012.05,Aquaporin-4 antb cba each,Cell-based immunofluorescence (CBA) detection of aquaporin-4 (neuromyelitis,"Aquaporin-4 (neuromyelitis optica [nmo]) antibody; cell-based immunofluorescence assay (cba), each"
2026,86053,,20260101,N,00037.73,Aqaprn-4 antb flo cytmtry ea,Flow cytometry detection of aquaporin-4 (neuromyelitis optica [NMO]) antibody,"Aquaporin-4 (neuromyelitis optica [nmo]) antibody; flow cytometry (ie, fluorescence-activated cell sorting [facs]), each"
2026,86060,,20260101,N,00007.30,Antistreptolysin o titer,Measurement for Strep antibody (strep throat),Antistreptolysin 0; titer
2026,86063,,20260101,N,00005.77,Antistreptolysin o screen,Screening test for Strep antibody (strep throat),Antistreptolysin 0; screen
2026,86140,,20260101,N,00005.18,C-reactive protein,Measurement C-reactive protein for detection of infection or inflammation,C-reactive protein;
2026,86141,,20260101,N,00012.95,C-reactive protein hs,"Measurement C-reactive protein for detection of infection or inflammation, high",C-reactive protein; high sensitivity (hscrp)
2026,86146,,20260101,N,00025.45,Beta-2 glycoprotein antibody,Beta 2 glycoprotein 1 antibody (autoantibody) measurement,"Beta 2 glycoprotein i antibody, each"
2026,86147,,20260101,N,00025.45,Cardiolipin antibody ea ig,Cardiolipin antibody (tissue antibody) measurement,"Cardiolipin (phospholipid) antibody, each ig class"
2026,86148,,20260101,N,00016.07,Anti-phospholipid antibody,Phospholipid antibody (autoimmune antibody) measurement,Anti-phosphatidylserine (phospholipid) antibody
2026,86152,,20260101,N,00250.78,Cell enumeration & id,Cell enumeration using immunologic selection and identification in fluid,"Cell enumeration using immunologic selection and identification in fluid specimen (eg, circulating tumor cells in blood);"
2026,86155,,20260101,N,00015.99,Chemotaxis assay,Measurement of white blood cell function,"Chemotaxis assay, specify method"
2026,86156,,20260101,N,00008.07,Cold agglutinin screen,Measurement of cold agglutinin (protein) to screen for infection or disease,Cold agglutinin; screen
2026,86157,,20260101,N,00008.06,Cold agglutinin titer,Measurement of cold agglutinin (protein) to detect infection or disease,Cold agglutinin; titer
2026,86160,,20260101,N,00012.00,Complement antigen,"Measurement of complement (immune system proteins), antigen,","Complement; antigen, each component"
2026,86161,,20260101,N,00012.00,Complement/function activity,Measurement of complement function (immune system proteins),"Complement; functional activity, each component"
2026,86162,,20260101,N,00020.32,Complement total (ch50),"Measurement of complement (immune system proteins), total hemolytic",Complement; total hemolytic (ch50)
2026,86171,,20260101,N,00010.01,Complement fixation each,Measurement of complement fixation tests (immune system proteins),"Complement fixation tests, each antigen"
2026,86200,,20260101,N,00012.95,Ccp antibody,Measurement of antibody for rheumatoid arthritis assessment,"Cyclic citrullinated peptide (ccp), antibody"
2026,86215,,20260101,N,00013.25,Deoxyribonuclease antibody,Measurement of DNA antibody,"Deoxyribonuclease, antibody"
2026,86225,,20260101,N,00013.74,Dna antibody native,"Measurement of DNA antibody, native or double stranded",Deoxyribonucleic acid (dna) antibody; native or double stranded
2026,86226,,20260101,N,00012.11,Dna antibody single strand,"Measurement of DNA antibody, single stranded",Deoxyribonucleic acid (dna) antibody; single stranded
2026,86231,,20260101,N,00012.09,Ema each ig class,Detection of endomysial antibody (EMA),"Endomysial antibody (ema), each immunoglobulin (ig) class"
2026,86235,,20260101,N,00017.93,Nuclear antigen antibody,"Measurement of antibody for assessment of autoimmune disorder, any method","Extractable nuclear antigen, antibody to, any method (eg, nrnp, ss-a, ss-b, sm, rnp, sc170, j01), each antibody"
2026,86255,,20260101,N,00012.05,Fluorescent antibody screen,Screening test for antibody to noninfectious agent,"Fluorescent noninfectious agent antibody; screen, each antibody"
2026,86256,,20260101,N,00012.05,Fluorescent antibody titer,Measurement of antibody to noninfectious agent,"Fluorescent noninfectious agent antibody; titer, each antibody"
2026,86258,,20260101,N,00012.05,Dgp antibody each ig class,Detection of gliadin (deamidated) (DGP) antibody,"Gliadin (deamidated) (dgp) antibody, each immunoglobulin (ig) class"
2026,86277,,20260101,N,00015.74,Growth hormone antibody,Measurement of growth hormone antibody,"Growth hormone, human (hgh), antibody"
2026,86280,,20260101,N,00008.19,Hemagglutination inhibition,Measurement of immune system protein,Hemagglutination inhibition test (hai)
2026,86294,,20260101,N,00025.57,Immunoassay tumor qual,"Immunologic analysis for detection of tumor antigen, qualitative or","Immunoassay for tumor antigen, qualitative or semiquantitative (eg, bladder tumor antigen)"
2026,86294,QW,20260101,N,00025.57,Immunoassay tumor qual,"Immunologic analysis for detection of tumor antigen, qualitative or","Immunoassay for tumor antigen, qualitative or semiquantitative (eg, bladder tumor antigen)"
2026,86300,,20260101,N,00020.81,Immunoassay tumor ca 15-3,"Immunologic analysis for detection of tumor antigen, quantitative; CA 15-3","Immunoassay for tumor antigen, quantitative; ca 15-3 (27.29)"
2026,86301,,20260101,N,00020.81,Immunoassay tumor ca 19-9,"Immunologic analysis for detection of tumor antigen, quantitative; CA 19-9","Immunoassay for tumor antigen, quantitative; ca 19-9"
2026,86304,,20260101,N,00020.81,Immunoassay tumor ca 125,"Immunologic analysis for detection of tumor antigen, quantitative; CA 125","Immunoassay for tumor antigen, quantitative; ca 125"
2026,86305,,20260101,N,00020.81,Human epididymis protein 4,Analysis of female reproductive genetic marker,Human epididymis protein 4 (he4)
2026,86308,,20260101,N,00005.18,Heterophile antibody screen,Screening test for mononucleosis (mono),Heterophile antibodies; screening
2026,86308,QW,20260101,N,00005.18,Heterophile antibody screen,Screening test for mononucleosis (mono),Heterophile antibodies; screening
2026,86309,,20260101,N,00006.47,Heterophile antibody titer,"Mononucleosis antibody level, titer",Heterophile antibodies; titer
2026,86310,,20260101,N,00007.37,Heterophile antibody absrbj,"Mononucleosis antibody level, titers after absorption",Heterophile antibodies; titers after absorption with beef cells and guinea pig kidney
2026,86316,,20260101,N,00020.81,Immunoassay tumor other,Analysis for detection of tumor marker,"Immunoassay for tumor antigen, other antigen, quantitative (eg, ca 50, 72-4, 549), each"
2026,86317,,20260101,N,00014.99,Immunoassay infectious agent,"Detection of infectious agent antibody, quantitative","Immunoassay for infectious agent antibody, quantitative, not otherwise specified"
2026,86318,,20260101,N,00018.09,Ia infectious agent antibody,"Test for detection of infectious agent antibody, qualitative or semiquantitative","Immunoassay for infectious agent antibody(ies), qualitative or semiquantitative, single-step method (eg, reagent strip);"
2026,86318,QW,20260101,N,00018.09,Ia infectious agent antibody,"Test for detection of infectious agent antibody, qualitative or semiquantitative","Immunoassay for infectious agent antibody(ies), qualitative or semiquantitative, single-step method (eg, reagent strip);"
2026,86320,,20260101,N,00029.92,Serum immunoelectrophoresis,Immunologic analysis technique on serum,Immunoelectrophoresis; serum
2026,86325,,20260101,N,00023.13,Other immunoelectrophoresis,Immunologic analysis technique on body fluid,"Immunoelectrophoresis; other fluids (eg, urine, cerebrospinal fluid) with concentration"
2026,86328,,20260101,N,00045.28,Ia nfct ab sarscov2 covid19,Test for detection of severe acute respiratory syndrome coronavirus 2,"Immunoassay for infectious agent antibody(ies), qualitative or semiquantitative, single-step method (eg, reagent strip); severe acute respiratory syndrome coronavirus 2 (sars-cov-2) (coronavirus disease [covid-19])"
2026,86328,QW,20260101,N,00045.28,Ia nfct ab sarscov2 covid19,Test for detection of severe acute respiratory syndrome coronavirus 2,"Immunoassay for infectious agent antibody(ies), qualitative or semiquantitative, single-step method (eg, reagent strip); severe acute respiratory syndrome coronavirus 2 (sars-cov-2) (coronavirus disease [covid-19])"
2026,86329,,20260101,N,00014.05,Immunodiffusion nes,"Immunologic analysis technique, unspecified",Immunodiffusion; not elsewhere specified
2026,86331,,20260101,N,00011.98,Immunodiffusion ouchterlony,Immunologic analysis for detection of antigen or antibody,"Immunodiffusion; gel diffusion, qualitative (ouchterlony), each antigen or antibody"
2026,86332,,20260101,N,00024.37,Immune complex assay,Immune complex measurement,Immune complex assay
2026,86334,,20260101,N,00022.34,Immunofix e-phoresis serum,Immunologic analysis technique on serum (immunofixation),Immunofixation electrophoresis; serum
2026,86335,,20260101,N,00029.35,Immunfix e-phorsis/urine/csf,"Immunologic analysis technique on body fluid, other fluids with concentration","Immunofixation electrophoresis; other fluids with concentration (eg, urine, csf)"
2026,86336,,20260101,N,00015.59,Inhibin a,Inhibin A (reproductive organ hormone) measurement,Inhibin a
2026,86337,,20260101,N,00021.41,Insulin antibodies,Insulin antibody measurement,Insulin antibodies
2026,86340,,20260101,N,00015.08,Intrinsic factor antibody,Intrinsic factor (stomach protein) antibody measurement,Intrinsic factor antibodies
2026,86341,,20260101,N,00023.57,Islet cell antibody,Islet cell (pancreas) antibody measurement,Islet cell antibody
2026,86343,,20260101,N,00012.46,Leukocyte histamine release,White blood cell histamine (immune system chemical) release test,Leukocyte histamine release test (lhr)
2026,86344,,20260101,N,00010.39,Leukocyte phagocytosis,White blood cell function measurement,Leukocyte phagocytosis
2026,86352,,20260101,N,00135.86,Cell function assay w/stim,Analysis of cell function and analysis for genetic marker,"Cellular function assay involving stimulation (eg, mitogen or antigen) and detection of biomarker (eg, atp)"
2026,86353,,20260101,N,00049.03,Lymphocyte transformation,"White blood cell function measurement, mitogen or antigen induced blastogenesis","Lymphocyte transformation, mitogen (phytomitogen) or antigen induced blastogenesis"
2026,86355,,20260101,N,00037.73,B cells total count,Total cell count for B cells (white blood cells),"B cells, total count"
2026,86356,,20260101,N,00026.78,Mononuclear cell antigen,White blood cell antigen measurement,"Mononuclear cell antigen, quantitative (eg, flow cytometry), not otherwise specified, each antigen"
2026,86357,,20260101,N,00037.73,Nk cells total count,Total cell count for natural killer cells (white blood cell),"Natural killer (nk) cells, total count"
2026,86359,,20260101,N,00037.73,T cells total count,"T cells count, total",T cells; total count
2026,86360,,20260101,N,00046.98,T cell absolute count/ratio,"T cell count and ratio, including ratio","T cells; absolute cd4 and cd8 count, including ratio"
2026,86361,,20260101,N,00026.78,T cell absolute count,T cell count and ratio,T cells; absolute cd4 count
2026,86362,,20260101,N,00012.05,Mog-igg1 antb cba each,Cell-based immunofluorescence (CBA) detection of myelin oligodendrocyte,"Myelin oligodendrocyte glycoprotein (mog-igg1) antibody; cell-based immunofluorescence assay (cba), each"
2026,86363,,20260101,N,00037.73,Mog-igg1 antb flo cytmtry ea,Flow cytometry detection of myelin oligodendrocyte glycoprotein (MOG-IgG1),"Myelin oligodendrocyte glycoprotein (mog-igg1) antibody; flow cytometry (ie, fluorescence-activated cell sorting [facs]), each"
2026,86364,,20260101,N,00011.53,Tiss trnsgltmnase ea ig clas,Measurement of tissue transglutaminase,"Tissue transglutaminase, each immunoglobulin (ig) class"
2026,86366,,20260101,N,00018.40,Muscle-specific kinase antb,Test for muscle-specific kinase antibody,Muscle-specific kinase (musk) antibody
2026,86367,,20260101,N,00077.78,Stem cells total count,"Stem cells count, total","Stem cells (ie, cd34), total count"
2026,86376,,20260101,N,00014.55,Microsomal antibody each,Microsomal antibodies (autoantibody) measurement,"Microsomal antibodies (eg, thyroid or liver-kidney), each"
2026,86381,,20260101,N,00025.45,Mitochondrial antibody each,Measurement of mitochondrial antibody,"Mitochondrial antibody (eg, m2), each"
2026,86382,,20260101,N,00016.91,Neutralization test viral,Viral neutralization test to detect viral antibody level,"Neutralization test, viral"
2026,86384,,20260101,N,00013.61,Nitroblue tetrazolium dye,Nitroblue tetrazolium dye test to measure white blood cell function,Nitroblue tetrazolium dye test (ntd)
2026,86386,,20260101,N,00021.78,Nuclear matrix protein 22,Protein test for diagnosis and monitoring of bladder cancer,"Nuclear matrix protein 22 (nmp22), qualitative"
2026,86386,QW,20260101,N,00021.78,Nuclear matrix protein 22,Protein test for diagnosis and monitoring of bladder cancer,"Nuclear matrix protein 22 (nmp22), qualitative"
2026,86403,,20260101,N,00011.54,Particle agglut antbdy scrn,Screening test for presence of antibody,"Particle agglutination; screen, each antibody"
2026,86406,,20260101,N,00010.64,Particle agglut antbdy titr,Antibody level measurement,"Particle agglutination; titer, each antibody"
2026,86408,,20260101,N,00042.13,Neutrlzg antb sarscov2 scr,Screening test for detection of severe acute respiratory syndrome coronavirus 2,"Neutralizing antibody, severe acute respiratory syndrome coronavirus 2 (sars-cov-2) (coronavirus disease [covid-19]); screen"
2026,86409,,20260101,N,00079.61,Neutrlzg antb sarscov2 titer,Measurement of neutralizing antibody to severe acute respiratory syndrome,"Neutralizing antibody, severe acute respiratory syndrome coronavirus 2 (sars-cov-2) (coronavirus disease [covid-19]); titer"
2026,86413,,20260101,N,00051.43,Sars-cov-2 antb quantitative,Quantitative measurement of severe acute respiratory syndrome coronavirus 2,"Severe acute respiratory syndrome coronavirus 2 (sars-cov-2) (coronavirus disease [covid-19]) antibody, quantitative"
2026,86430,,20260101,N,00006.14,Rheumatoid factor test qual,Rheumatoid factor analysis,Rheumatoid factor; qualitative
2026,86431,,20260101,N,00005.67,Rheumatoid factor quant,Rheumatoid factor level,Rheumatoid factor; quantitative
2026,86480,,20260101,N,00061.98,Tb test cell immun measure,"Tuberculosis test, gamma interferon","Tuberculosis test, cell mediated immunity antigen response measurement; gamma interferon"
2026,86481,,20260101,N,00100.00,Tb ag response t-cell susp,"Tuberculosis test, enumeration of T-cells","Tuberculosis test, cell mediated immunity antigen response measurement; enumeration of gamma interferon-producing t-cells in cell suspension"
2026,86581,,20260101,N,00092.03,Strptcs pneum antb serot ia,Test for streptococcus pneumonia antibody,"Streptococcus pneumoniae antibody (igg), serotypes, multiplex immunoassay, quantitative"
2026,86590,,20260101,N,00012.66,Streptokinase antibody,Measurement of antibody to streptokinase (enzyme),"Streptokinase, antibody"
2026,86592,,20260101,N,00004.27,Syphilis test non-trep qual,Syphilis detection test,"Syphilis test, non-treponemal antibody; qualitative (eg, vdrl, rpr, art)"
2026,86593,,20260101,N,00004.40,Syphilis test non-trep quant,Syphilis test,"Syphilis test, non-treponemal antibody; quantitative"
2026,86596,,20260101,N,00012.05,Voltage-gtd ca chnl antb ea,Measurement of voltage-gated calcium channel antibody,"Voltage-gated calcium channel antibody, each"
2026,86602,,20260101,N,00010.18,Antinomyces antibody,Analysis for antibody to actinomyces (bacteria),Antibody; actinomyces
2026,86603,,20260101,N,00012.87,Adenovirus antibody,Analysis for antibody to adenovirus (respiratory virus),Antibody; adenovirus
2026,86606,,20260101,N,00015.05,Aspergillus antibody,Analysis for antibody to aspergillus (fungus),Antibody; aspergillus
2026,86609,,20260101,N,00012.88,Bacterium antibody,Analysis for antibody bacteria,"Antibody; bacterium, not elsewhere specified"
2026,86611,,20260101,N,00010.18,Bartonella antibody,Analysis for antibody to Bartonella (bacteria),Antibody; bartonella
2026,86612,,20260101,N,00012.90,Blastomyces antibody,Analysis for antibody to blastomyces (fungus),Antibody; blastomyces
2026,86615,,20260101,N,00013.19,Bordetella antibody,Analysis for antibody bordetella (respiratory bacteria),Antibody; bordetella
2026,86617,,20260101,N,00015.49,Lyme disease antibody,Confirmation test for antibody to Borrelia burgdorferi (Lyme disease bacteria),"Antibody; borrelia burgdorferi (lyme disease) confirmatory test (eg, western blot or immunoblot)"
2026,86618,,20260101,N,00017.03,Lyme disease antibody,Analysis for antibody Borrelia burgdorferi (Lyme disease bacteria),Antibody; borrelia burgdorferi (lyme disease)
2026,86618,QW,20260101,N,00017.03,Lyme disease antibody,Analysis for antibody Borrelia burgdorferi (Lyme disease bacteria),Antibody; borrelia burgdorferi (lyme disease)
2026,86619,,20260101,N,00013.38,Borrelia antibody,Analysis for antibody to Borrelia (relapsing fever bacteria),Antibody; borrelia (relapsing fever)
2026,86622,,20260101,N,00008.93,Brucella antibody,Analysis for antibody to Brucella (bacteria),Antibody; brucella
2026,86625,,20260101,N,00013.12,Campylobacter antibody,Analysis for antibody to Campylobacter (intestinal bacteria),Antibody; campylobacter
2026,86628,,20260101,N,00012.01,Candida antibody,Analysis for antibody to Candida (yeast),Antibody; candida
2026,86631,,20260101,N,00011.82,Chlamydia antibody,Analysis for antibody to Chlamydia (bacteria),Antibody; chlamydia
2026,86632,,20260101,N,00012.68,Chlamydia igm antibody,Analysis for antibody (Igm) to Chlamydia (bacteria),"Antibody; chlamydia, igm"
2026,86635,,20260101,N,00011.47,Coccidioides antibody,Analysis for antibody to Coccidioides (bacteria),Antibody; coccidioides
2026,86638,,20260101,N,00012.12,Q fever antibody,Analysis for antibody to Coxiella burnetii (Q fever bacteria),Antibody; coxiella burnetii (q fever)
2026,86641,,20260101,N,00014.41,Cryptococcus antibody,Analysis for antibody to Cryptococcus (yeast),Antibody; cryptococcus
2026,86644,,20260101,N,00014.39,Cmv antibody,Analysis for antibody to Cytomegalovirus (CMV),Antibody; cytomegalovirus (cmv)
2026,86645,,20260101,N,00016.85,Cmv antibody igm,Analysis for antibody (IgM) to Cytomegalovirus (CMV),"Antibody; cytomegalovirus (cmv), igm"
2026,86648,,20260101,N,00015.21,Diphtheria antibody,Analysis for antibody to Diphtheria (bacteria),Antibody; diphtheria
2026,86651,,20260101,N,00013.19,Encephalitis californ antbdy,Analysis for antibody to La crosse (California) virus (encephalitis causing,"Antibody; encephalitis, california (la crosse)"
2026,86652,,20260101,N,00013.19,Encephaltis east eqne anbdy,Analysis for antibody to Eastern equine virus (viral encephalitis),"Antibody; encephalitis, eastern equine"
2026,86653,,20260101,N,00013.19,Encephaltis st louis antbody,Analysis for antibody to St. Louis virus (viral encephalitis),"Antibody; encephalitis, st. louis"
2026,86654,,20260101,N,00013.19,Encephaltis west eqne antbdy,Analysis for antibody to Western equine virus (viral encephalitis),"Antibody; encephalitis, western equine"
2026,86658,,20260101,N,00013.03,Enterovirus antibody,Analysis for antibody to Enterovirus (gastrointestinal virus),"Antibody; enterovirus (eg, coxsackie, echo, polio)"
2026,86663,,20260101,N,00013.12,Epstein-barr antibody,"Analysis for antibody to Epstein-Barr virus (mononucleosis virus), early antigen","Antibody; epstein-barr (eb) virus, early antigen (ea)"
2026,86664,,20260101,N,00015.29,Epstein-barr nuclear antigen,"Analysis for antibody to Epstein-Barr virus (mononucleosis virus), nuclear","Antibody; epstein-barr (eb) virus, nuclear antigen (ebna)"
2026,86665,,20260101,N,00018.14,Epstein-barr capsid vca,"Analysis for antibody to Epstein-Barr virus (mononucleosis virus), viral capsid","Antibody; epstein-barr (eb) virus, viral capsid (vca)"
2026,86666,,20260101,N,00010.18,Ehrlichia antibody,Analysis for antibody to Ehrlichia (bacteria transmitted by ticks),Antibody; ehrlichia
2026,86668,,20260101,N,00014.16,Francisella tularensis,Analysis for antibody to Francisella tularensis (bacteria transmitted by,Antibody; francisella tularensis
2026,86671,,20260101,N,00012.25,Fungus nes antibody,Analysis for antibody to fungus,"Antibody; fungus, not elsewhere specified"
2026,86674,,20260101,N,00014.72,Giardia lamblia antibody,Analysis for antibody to Giardia lamblia (intestinal parasite),Antibody; giardia lamblia
2026,86677,,20260101,N,00016.85,Helicobacter pylori antibody,Analysis for antibody to Helicobacter pylori (gastrointestinal bacteria),Antibody; helicobacter pylori
2026,86682,,20260101,N,00013.01,Helminth antibody,Analysis for antibody to helminth (intestinal worm),"Antibody; helminth, not elsewhere specified"
2026,86684,,20260101,N,00015.84,Hemophilus influenza antibdy,Analysis for antibody to Haemophilus influenza (respiratory bacteria),Antibody; haemophilus influenza
2026,86687,,20260101,N,00009.09,Htlv-i antibody,"Analysis for antibody to Human T-cell lymphotropic virus, type 1 (HTLV-1)",Antibody; htlv-i
2026,86688,,20260101,N,00014.00,Htlv-ii antibody,"Analysis for antibody to Human T-cell lymphotropic virus, type 2 (HTLV-2)",Antibody; htlv-ii
2026,86689,,20260101,N,00019.35,Htlv/hiv confirmj antibody,Confirmation test for antibody to Human T-cell lymphotropic virus (HTLV) or HIV,"Antibody; htlv or hiv antibody, confirmatory test (eg, western blot)"
2026,86692,,20260101,N,00017.16,Hepatitis delta agent antbdy,Analysis for antibody to Hepatitis D virus,"Antibody; hepatitis, delta agent"
2026,86694,,20260101,N,00014.39,Herpes simplex nes antbdy,Analysis for antibody to Herpes simplex virus,"Antibody; herpes simplex, non-specific type test"
2026,86695,,20260101,N,00013.19,Herpes simplex type 1 test,"Analysis for antibody to Herpes simplex virus, type 1","Antibody; herpes simplex, type 1"
2026,86696,,20260101,N,00019.35,Herpes simplex type 2 test,"Analysis for antibody to Herpes simplex virus, type 2","Antibody; herpes simplex, type 2"
2026,86698,,20260101,N,00013.79,Histoplasma antibody,Analysis for antibody to histoplasma (fungus),Antibody; histoplasma
2026,86701,,20260101,N,00008.89,Hiv-1antibody,Analysis for antibody to HIV -1 virus,Antibody; hiv-1
2026,86701,QW,20260101,N,00008.89,Hiv-1antibody,Analysis for antibody to HIV -1 virus,Antibody; hiv-1
2026,86702,,20260101,N,00013.52,Hiv-2 antibody,Analysis for antibody to HIV-2 virus,Antibody; hiv-2
2026,86703,,20260101,N,00013.71,Hiv-1/hiv-2 1 result antbdy,Analysis for antibody to HIV-1 and HIV-2 virus,"Antibody; hiv-1 and hiv-2, single result"
2026,86704,,20260101,N,00012.05,Hep b core antibody total,Hepatitis B core antibody measurement,Hepatitis b core antibody (hbcab); total
2026,86705,,20260101,N,00011.77,Hep b core antibody igm,Hepatitis B core antibody (IgM) measurement,Hepatitis b core antibody (hbcab); igm antibody
2026,86706,,20260101,N,00010.74,Hep b surface antibody,Hepatitis B surface antibody measurement,Hepatitis b surface antibody (hbsab)
2026,86707,,20260101,N,00011.57,Hepatitis be antibody,Hepatitis Be antibody measurement,Hepatitis be antibody (hbeab)
2026,86708,,20260101,N,00012.39,Hepatitis a antibody,Measurement of Hepatitis A antibody,Hepatitis a antibody (haab)
2026,86709,,20260101,N,00011.26,Hepatitis a igm antibody,Measurement of Hepatitis A antibody (IgM),"Hepatitis a antibody (haab), igm antibody"
2026,86710,,20260101,N,00013.55,Influenza virus antibody,Analysis for antibody to Influenza virus,Antibody; influenza virus
2026,86711,,20260101,N,00016.89,John cunningham antibody,Analysis for antibody to john cunningham virus,Antibody; jc (john cunningham) virus
2026,86713,,20260101,N,00015.30,Legionella antibody,Analysis for antibody to Legionella (waterborne bacteria),Antibody; legionella
2026,86717,,20260101,N,00012.25,Leishmania antibody,Analysis for antibody to Leishmania (parasite),Antibody; leishmania
2026,86720,,20260101,N,00016.20,Leptospira antibody,Analysis for antibody to Leptospira,Antibody; leptospira
2026,86723,,20260101,N,00013.19,Listeria monocytogenes,Analysis for antibody to Listeria monocytogenes (bacteria),Antibody; listeria monocytogenes
2026,86727,,20260101,N,00012.87,Lymph choriomeningitis ab,Analysis for antibody to lymphocytic choriomeningitis virus (viral meningitis),Antibody; lymphocytic choriomeningitis
2026,86732,,20260101,N,00015.00,Mucormycosis antibody,Analysis for antibody to mucormycosis (fungus),Antibody; mucormycosis
2026,86735,,20260101,N,00013.05,Mumps antibody,Analysis for antibody to mumps virus,Antibody; mumps
2026,86738,,20260101,N,00013.24,Mycoplasma antibody,Analysis for antibody to Mycoplasma (bacteria),Antibody; mycoplasma
2026,86741,,20260101,N,00013.19,Neisseria meningitidis,Analysis for antibody to Neisseria meningitidis (bacterial meningitis),Antibody; neisseria meningitidis
2026,86744,,20260101,N,00015.99,Nocardia antibody,Analysis for antibody to Nocardia (bacteria),Antibody; nocardia
2026,86747,,20260101,N,00015.03,Parvovirus antibody,Analysis for antibody to parvovirus,Antibody; parvovirus
2026,86750,,20260101,N,00013.19,Malaria antibody,Analysis for antibody to Plasmodium (malaria parasite),Antibody; plasmodium (malaria)
2026,86753,,20260101,N,00012.39,Protozoa antibody nos,Analysis for antibody to protozoa (parasite),"Antibody; protozoa, not elsewhere specified"
2026,86756,,20260101,N,00015.89,Respiratory virus antibody,Analysis for antibody to respiratory syncytial virus (RSV),Antibody; respiratory syncytial virus
2026,86757,,20260101,N,00019.35,Rickettsia antibody,Analysis for antibody to Rickettsia (bacteria),Antibody; rickettsia
2026,86759,,20260101,N,00018.23,Rotavirus antibody,Analysis for antibody to Rotavirus (intestinal virus),Antibody; rotavirus
2026,86762,,20260101,N,00014.39,Rubella antibody,Analysis for antibody to Rubella (German measles virus),Antibody; rubella
2026,86765,,20260101,N,00012.88,Rubeola antibody,Analysis for antibody to Rubeola (measles virus),Antibody; rubeola
2026,86768,,20260101,N,00013.19,Salmonella antibody,Analysis for antibody to Salmonella (intestinal bacteria),Antibody; salmonella
2026,86769,,20260101,N,00042.13,Sars-cov-2 covid-19 antibody,Measure of severe acute respiratory syndrome coronavirus 2 (Covid-19) antibody,Antibody; severe acute respiratory syndrome coronavirus 2 (sars-cov-2) (coronavirus disease [covid-19])
2026,86769,QW,20260101,N,00042.13,Sars-cov-2 covid-19 antibody,Measure of severe acute respiratory syndrome coronavirus 2 (Covid-19) antibody,Antibody; severe acute respiratory syndrome coronavirus 2 (sars-cov-2) (coronavirus disease [covid-19])
2026,86771,,20260101,N,00024.48,Shigella antibody,Analysis for antibody to Shigella (intestinal bacteria),Antibody; shigella
2026,86774,,20260101,N,00014.80,Tetanus antibody,Analysis for antibody to tetanus bacteria (Clostridium tetanus),Antibody; tetanus
2026,86777,,20260101,N,00014.39,Toxoplasma antibody,Analysis for antibody to Toxoplasma (parasite),Antibody; toxoplasma
2026,86778,,20260101,N,00014.41,Toxoplasma antibody igm,Analysis for antibody (IgM) to Toxoplasma (parasite),"Antibody; toxoplasma, igm"
2026,86780,,20260101,N,00013.24,Treponema pallidum,"Analysis for antibody, Treponema pallidum",Antibody; treponema pallidum
2026,86780,QW,20260101,N,00013.24,Treponema pallidum,"Analysis for antibody, Treponema pallidum",Antibody; treponema pallidum
2026,86784,,20260101,N,00012.56,Trichinella antibody,Analysis for antibody to Trichinella (worm parasite),Antibody; trichinella
2026,86787,,20260101,N,00012.88,Varicella-zoster antibody,Analysis for antibody to varicella-zoster virus (chicken pox),Antibody; varicella-zoster
2026,86788,,20260101,N,00016.85,West nile virus ab igm,Analysis for antibody (IgM) to West Nile virus,"Antibody; west nile virus, igm"
2026,86789,,20260101,N,00014.39,West nile virus antibody,Analysis for antibody to West Nile virus,Antibody; west nile virus
2026,86790,,20260101,N,00012.88,Virus antibody nos,Analysis for antibody to virus,"Antibody; virus, not elsewhere specified"
2026,86793,,20260101,N,00013.19,Yersinia antibody,Analysis for antibody to Yersinia (bacteria),Antibody; yersinia
2026,86794,,20260101,N,00016.85,Zika virus igm antibody,Analysis for antibody to Zika virus,"Antibody; zika virus, igm"
2026,86800,,20260101,N,00015.91,Thyroglobulin antibody,Thyroglobulin (thyroid protein) antibody measurement,Thyroglobulin antibody
2026,86803,,20260101,N,00014.27,Hepatitis c ab test,Hepatitis C antibody measurement,Hepatitis c antibody;
2026,86803,QW,20260101,N,00014.27,Hepatitis c ab test,Hepatitis C antibody measurement,Hepatitis c antibody;
2026,86804,,20260101,N,00015.49,Hep c ab test confirm,Confirmation test for Hepatitis C antibody,"Hepatitis c antibody; confirmatory test (eg, immunoblot)"
2026,86805,,20260101,N,00189.51,Lymphocytotoxicity assay,"Immunologic analysis for autoimmune disease, with titration","Lymphocytotoxicity assay, visual crossmatch; with titration"
2026,86806,,20260101,N,00047.59,Lymphocytotoxicity assay,"Immunologic analysis for autoimmune disease, without titration","Lymphocytotoxicity assay, visual crossmatch; without titration"
2026,86807,,20260101,N,00078.65,Cytotoxic antibody screening,"Transplant antibody measurement, standard method",Serum screening for cytotoxic percent reactive antibody (pra); standard method
2026,86808,,20260101,N,00029.68,Cytotoxic antibody screening,"Transplant antibody measurement, quick method",Serum screening for cytotoxic percent reactive antibody (pra); quick method
2026,86812,,20260101,N,00025.81,Hla typing a b or c,"Immunologic analysis for autoimmune disease, A, B, or C, single antigen","Hla typing; a, b, or c (eg, a10, b7, b27), single antigen"
2026,86813,,20260101,N,00058.00,Hla typing a b or c,"Immunologic analysis for autoimmune disease, A, B, or C, multiple antigens","Hla typing; a, b, or c, multiple antigens"
2026,86816,,20260101,N,00030.17,Hla typing dr/dq,"Immunologic analysis for autoimmune disease, DR/DQ, single antigen","Hla typing; dr/dq, single antigen"
2026,86817,,20260101,N,00106.14,Hla typing dr/dq,"Immunologic analysis for autoimmune disease, DR/DQ, multiple antigens","Hla typing; dr/dq, multiple antigens"
2026,86821,,20260101,N,00036.56,Lymphocyte culture mixed,"Immunologic analysis for autoimmune disease, lymphocyte culture, mixed","Hla typing; lymphocyte culture, mixed (mlc)"
2026,86825,,20260101,N,00109.49,Hla x-math non-cytotoxic,"Immunologic analysis for organ transplant, first serum sample or dilution","Human leukocyte antigen (hla) crossmatch, non-cytotoxic (eg, using flow cytometry); first serum sample or dilution"
2026,86826,,20260101,N,00036.53,Hla x-match noncytotoxc addl,"Immunologic analysis for organ transplant, each additional serum sample or","Human leukocyte antigen (hla) crossmatch, non-cytotoxic (eg, using flow cytometry); each additional serum sample or sample dilution (list separately in addition to primary procedure)"
2026,86828,,20260101,N,00064.19,Hla class i&ii antibody qual,Assessment of antibodies to Class I and Class II human leukocyte antigens (HLA),"Antibody to human leukocyte antigens (hla), solid phase assays (eg, microspheres or beads, elisa, flow cytometry); qualitative assessment of the presence or absence of antibody(ies) to hla class i and class ii hla antigens"
2026,86829,,20260101,N,00064.19,Hla class i/ii antibody qual,Assessment of antibodies to Class I or Class II human leukocyte antigens (HLA),"Antibody to human leukocyte antigens (hla), solid phase assays (eg, microspheres or beads, elisa, flow cytometry); qualitative assessment of the presence or absence of antibody(ies) to hla class i or class ii hla antigens"
2026,86830,,20260101,N,00095.52,Hla class i phenotype qual,Assessment of antibody to human leukocyte antigens (HLA) with antibody,"Antibody to human leukocyte antigens (hla), solid phase assays (eg, microspheres or beads, elisa, flow cytometry); antibody identification by qualitative panel using complete hla phenotypes, hla class i"
2026,86831,,20260101,N,00081.88,Hla class ii phenotype qual,Assessment of antibody to human leukocyte antigens (HLA) with antibody,"Antibody to human leukocyte antigens (hla), solid phase assays (eg, microspheres or beads, elisa, flow cytometry); antibody identification by qualitative panel using complete hla phenotypes, hla class ii"
2026,86832,,20260101,N,00323.75,Hla class i high defin qual,Assessment of antibody to human leukocyte antigens (HLA) with high definition,"Antibody to human leukocyte antigens (hla), solid phase assays (eg, microspheres or beads, elisa, flow cytometry); high definition qualitative panel for identification of antibody specificities (eg, individual antigen per bead methodology), hla class i"
2026,86833,,20260101,N,00325.80,Hla class ii high defin qual,Assessment of antibody to human leukocyte antigens (HLA) with high definition,"Antibody to human leukocyte antigens (hla), solid phase assays (eg, microspheres or beads, elisa, flow cytometry); high definition qualitative panel for identification of antibody specificities (eg, individual antigen per bead methodology), hla class ii"
2026,86834,,20260101,N,00357.56,Hla class i semiquant panel,"Assessment of antibody to human leukocyte antigens (HLA), HLA class I","Antibody to human leukocyte antigens (hla), solid phase assays (eg, microspheres or beads, elisa, flow cytometry); semi-quantitative panel (eg, titer), hla class i"
2026,86835,,20260101,N,00322.96,Hla class ii semiquant panel,Assessment of antibody to human leukocyte antigens (HLA) with solid phase,"Antibody to human leukocyte antigens (hla), solid phase assays (eg, microspheres or beads, elisa, flow cytometry); semi-quantitative panel (eg, titer), hla class ii"
2026,86850,,20260101,N,00009.77,Rbc antibody screen,Screening test for red blood cell antibodies,"Antibody screen, rbc, each serum technique"
2026,86880,,20260101,N,00005.39,Coombs test direct,"Red blood cell antibody detection test, direct","Antihuman globulin test (coombs test); direct, each antiserum"
2026,86885,,20260101,N,00005.72,Coombs test indirect qual,"Red blood cell antibody detection test, indirect","Antihuman globulin test (coombs test); indirect, qualitative, each reagent red cell"
2026,86886,,20260101,N,00005.18,Coombs test indirect titer,Red blood cell antibody level,"Antihuman globulin test (coombs test); indirect, each antibody titer"
2026,86900,,20260101,N,00002.99,Blood typing serologic abo,Blood group typing (ABO),"Blood typing, serologic; abo"
2026,86901,,20260101,N,00002.99,Blood typing serologic rh(d),Blood typing for Rh (D) antigen,"Blood typing, serologic; rh (d)"
2026,86902,,20260101,N,00006.35,Blood type antigen donor ea,"Screening test for compatible blood unit, using reagent serum","Blood typing, serologic; antigen testing of donor blood using reagent serum, each antigen test"
2026,86904,,20260101,N,00016.34,Blood typing patient serum,"Screening test for compatible blood unit, using patient serum","Blood typing, serologic; antigen screening for compatible unit using patient serum, per unit screened"
2026,86905,,20260101,N,00003.83,Blood typing rbc antigens,Blood typing for red blood cell antigens,"Blood typing, serologic; rbc antigens, other than abo or rh (d), each"
2026,86906,,20260101,N,00007.75,Bld typing serologic rh phnt,Blood typing Rh phenotyping,"Blood typing, serologic; rh phenotyping, complete"
2026,86940,,20260101,N,00008.77,Hemolysins/agglutinins auto,Red blood cell antibody screening test,"Hemolysins and agglutinins; auto, screen, each"
2026,86941,,20260101,N,00012.11,Hemolysins/agglutinins,Red blood cell antibody measurement,Hemolysins and agglutinins; incubated
2026,87003,,20260101,N,00016.84,Small animal inoculation,"Animal inoculation, small animal with observation and dissection","Animal inoculation, small animal, with observation and dissection"
2026,87015,,20260101,N,00006.68,Specimen infect agnt concntj,Concentration of specimen for infectious agents,"Concentration (any type), for infectious agents"
2026,87040,,20260101,N,00010.32,Blood culture for bacteria,Bacterial blood culture,"Culture, bacterial; blood, aerobic, with isolation and presumptive identification of isolates (includes anaerobic culture, if appropriate)"
2026,87045,,20260101,N,00009.44,Feces culture aerobic bact,Stool culture,"Culture, bacterial; stool, aerobic, with isolation and preliminary examination (eg, kia, lia), salmonella and shigella species"
2026,87046,,20260101,N,00009.44,Stool cultr aerobic bact ea,"Stool culture, additional pathogens","Culture, bacterial; stool, aerobic, additional pathogens, isolation and presumptive identification of isolates, each plate"
2026,87070,,20260101,N,00008.62,Culture othr specimn aerobic,"Bacterial culture, any other source except urine, blood or stool, aerobic","Culture, bacterial; any other source except urine, blood or stool, aerobic, with isolation and presumptive identification of isolates"
2026,87071,,20260101,N,00009.89,Culture aerobic quant other,Bacterial culture and colony count,"Culture, bacterial; quantitative, aerobic with isolation and presumptive identification of isolates, any source except urine, blood or stool"
2026,87073,,20260101,N,00009.66,Culture bacteria anaerobic,Bacterial culture and colony count for anaerobic bacteria,"Culture, bacterial; quantitative, anaerobic with isolation and presumptive identification of isolates, any source except urine, blood or stool"
2026,87075,,20260101,N,00009.47,Cultr bacteria except blood,"Bacterial culture, any source, except blood, anaerobic","Culture, bacterial; any source, except blood, anaerobic with isolation and presumptive identification of isolates"
2026,87076,,20260101,N,00008.08,Culture anaerobe ident each,Bacterial culture for anaerobic isolates,"Culture, bacterial; anaerobic isolate, additional methods required for definitive identification, each isolate"
2026,87077,,20260101,N,00008.08,Culture aerobic identify,Bacterial culture for aerobic isolates,"Culture, bacterial; aerobic isolate, additional methods required for definitive identification, each isolate"
2026,87077,QW,20260101,N,00008.08,Culture aerobic identify,Bacterial culture for aerobic isolates,"Culture, bacterial; aerobic isolate, additional methods required for definitive identification, each isolate"
2026,87081,,20260101,N,00006.63,Culture screen only,Screening test for pathogenic organisms,"Culture, presumptive, pathogenic organisms, screening only;"
2026,87084,,20260101,N,00027.07,Culture of specimen by kit,Screening test for pathogenic organisms with colony count,"Culture, presumptive, pathogenic organisms, screening only; with colony estimation from density chart"
2026,87086,,20260101,N,00008.07,Urine culture/colony count,"Bacterial colony count, urine","Culture, bacterial; quantitative colony count, urine"
2026,87088,,20260101,N,00008.09,Urine bacteria culture,Bacterial urine culture,"Culture, bacterial; with isolation and presumptive identification of each isolate, urine"
2026,87101,,20260101,N,00007.71,Skin fungi culture,"Fungal culture (mold or yeast) of skin, hair, or nail","Culture, fungi (mold or yeast) isolation, with presumptive identification of isolates; skin, hair, or nail"
2026,87102,,20260101,N,00008.41,Fungus isolation culture,Fungal culture (mold or yeast),"Culture, fungi (mold or yeast) isolation, with presumptive identification of isolates; other source (except blood)"
2026,87103,,20260101,N,00020.46,Blood fungus culture,Fungal blood culture (mold or yeast),"Culture, fungi (mold or yeast) isolation, with presumptive identification of isolates; blood"
2026,87106,,20260101,N,00010.32,Fungi identification yeast,"Fungal culture, yeast","Culture, fungi, definitive identification, each organism; yeast"
2026,87107,,20260101,N,00010.32,Fungi identification mold,Culture for identification of yeast,"Culture, fungi, definitive identification, each organism; mold"
2026,87109,,20260101,N,00015.39,Mycoplasma,Mycoplasma culture,"Culture, mycoplasma, any source"
2026,87110,,20260101,N,00019.60,Chlamydia culture,Culture for chlamydia,"Culture, chlamydia, any source"
2026,87116,,20260101,N,00010.80,Mycobacteria culture,Culture for acid-fast bacilli,"Culture, tubercle or other acid-fast bacilli (eg, tb, afb, mycobacteria) any source, with isolation and presumptive identification of isolates"
2026,87118,,20260101,N,00014.61,Mycobacteric identification,Identification of mycobacteria (TB or TB like organism),"Culture, mycobacterial, definitive identification, each isolate"
2026,87140,,20260101,N,00005.57,Culture type immunofluoresc,"Identification of organisms by immunologic analysis, immunofluorescent method","Culture, typing; immunofluorescent method, each antiserum"
2026,87143,,20260101,N,00012.52,Culture typing glc/hplc,Identification of organism using chromatography,"Culture, typing; gas liquid chromatography (glc) or high pressure liquid chromatography (hplc) method"
2026,87147,,20260101,N,00005.18,Culture type immunologic,"Identification of organisms by immunologic analysis, other than","Culture, typing; immunologic method, other than immunofluorescence (eg, agglutination grouping), per antiserum"
2026,87149,,20260101,N,00020.05,Dna/rna direct probe,"Identification of organisms by genetic analysis, direct probe technique","Culture, typing; identification by nucleic acid (dna or rna) probe, direct probe technique, per culture or isolate, each organism probed"
2026,87150,,20260101,N,00035.09,Dna/rna amplified probe,"Identification of organisms by genetic analysis, amplified probe technique","Culture, typing; identification by nucleic acid (dna or rna) probe, amplified probe technique, per culture or isolate, each organism probed"
2026,87152,,20260101,N,00007.74,Culture type pulse field gel,Identification of organism by pulse field gel typing,"Culture, typing; identification by pulse field gel typing"
2026,87153,,20260101,N,00115.36,Dna/rna sequencing,Identification of organisms by nucleic acid sequencing method,"Culture, typing; identification by nucleic acid sequencing method, each isolate (eg, sequencing of the 16s rrna gene)"
2026,87154,,20260101,N,00218.06,Cul typ id bld pthgn 6+ trgt,Amplifed nucleic acid probe typing of disease agent in blood culture specimen,"Culture, typing; identification of blood pathogen and resistance typing, when performed, by nucleic acid (dna or rna) probe, multiplexed amplified probe technique including multiplex reverse transcription, when performed, per culture or isolate, 6 or more targets"
2026,87158,,20260101,N,00007.74,Culture typing added method,Microbial identification,"Culture, typing; other methods"
2026,87164,,20260101,N,00010.74,Dark field exam spec collj,"Dark field microscopic examination for organism, includes specimen collection","Dark field examination, any source (eg, penile, vaginal, oral, skin); includes specimen collection"
2026,87166,,20260101,N,00011.30,Dark field exam w/o collj,"Dark field microscopic examination for organism, without collection","Dark field examination, any source (eg, penile, vaginal, oral, skin); without collection"
2026,87168,,20260101,N,00004.27,Macroscopic exam arthropod,Macroscopic examination (visual inspection) of insect,Macroscopic examination; arthropod
2026,87169,,20260101,N,00004.31,Macroscopic exam parasite,Macroscopic examination (visual inspection) of parasite,Macroscopic examination; parasite
2026,87172,,20260101,N,00004.27,Pinworm exam,Pinworm test,"Pinworm exam (eg, cellophane tape prep)"
2026,87176,,20260101,N,00005.88,Tissue homogenization cultr,Tissue preparation for culture,"Homogenization, tissue, for culture"
2026,87177,,20260101,N,00008.90,Ova and parasites smears,Smear for parasites,"Ova and parasites, direct smears, concentration and identification"
2026,87181,,20260101,N,00004.75,Sc std agar dilution per agt,"Evaluation of antimicrobial drug (antibiotic, antifungal, antiviral), agar","Susceptibility studies, antimicrobial agent; agar dilution method, per agent (eg, antibiotic gradient strip)"
2026,87182,,20260101,L,00000.00,Sc std carbapenemase nzm det,Susceptibility studies by multiplex immunoassay to detect antibiotic enzyme,"Susceptibility studies, antimicrobial agent; carbapenemase enzyme detection (eg, klebsiella pneumoniae carbapenemase [kpc], new delhi metallo-beta-lactamase [ndm], verona integron-encoded metallo-beta-lactamase [vim]), multiplex immunoassay, qualitative, per isolate"
2026,87183,,20260101,N,00035.09,Sc std carbapenem resist gen,Susceptibility studies by amplified probe technique to detect antibiotic,"Susceptibility studies, antimicrobial agent; carbapenem resistance genes (eg, blakpc, blandm, blavim, blaoxa-48, blaimp), amplified probe technique, per isolate"
2026,87184,,20260101,N,00007.48,Sc std disk method per plate,"Evaluation of antimicrobial drug (antibiotic, antifungal, antiviral)","Susceptibility studies, antimicrobial agent; disk method, per plate (12 or fewer agents)"
2026,87185,,20260101,N,00004.75,Sc std enzyme detcj per nzm,"Detection of antimicrobial drug (antibiotic, antifungal, antiviral)","Susceptibility studies, antimicrobial agent; enzyme detection (eg, beta lactamase), per enzyme"
2026,87186,,20260101,N,00008.65,Sc std microdil/agar dil,"Evaluation of antimicrobial drug (antibiotic, antifungal, antiviral),","Susceptibility studies, antimicrobial agent; microdilution or agar dilution (minimum inhibitory concentration [mic] or breakpoint), each multi-antimicrobial, per plate"
2026,87187,,20260101,N,00040.17,Sc std microdil/agar mlc,"Evaluation of antimicrobial drug (antibiotic, antifungal, antiviral),","Susceptibility studies, antimicrobial agent; microdilution or agar dilution, minimum lethal concentration (mlc), each plate (list separately in addition to code for primary procedure)"
2026,87188,,20260101,N,00006.64,Sc std macrobroth dil meth,"Evaluation of antimicrobial drug (antibiotic, antifungal, antiviral),","Susceptibility studies, antimicrobial agent; macrobroth dilution method, each agent"
2026,87190,,20260101,N,00007.31,Sc std myobacteria prop meth,"Antimicrobial study, mycobacteria (TB organism family)","Susceptibility studies, antimicrobial agent; mycobacteria, proportion method, each agent"
2026,87197,,20260101,N,00015.02,Serum bactericidal titer,Evaluation of antibiotic therapy,Serum bactericidal titer (schlichter test)
2026,87205,,20260101,N,00004.27,Smear gram stain,Special Gram or Giemsa stain for microorganism,"Smear, primary source with interpretation; gram or giemsa stain for bacteria, fungi, or cell types"
2026,87206,,20260101,N,00005.39,Smear fluorescent/acid stai,Special fluorescent and/or acid fast stain for microorganism,"Smear, primary source with interpretation; fluorescent and/or acid fast stain for bacteria, fungi, parasites, viruses or cell types"
2026,87207,,20260101,N,00005.99,Smear special stain,Special stain for inclusion bodies or parasites,"Smear, primary source with interpretation; special stain for inclusion bodies or parasites (eg, malaria, coccidia, microsporidia, trypanosomes, herpes viruses)"
2026,87209,,20260101,N,00017.98,Smear complex stain,Special stain for parasites,"Smear, primary source with interpretation; complex special stain (eg, trichrome, iron hemotoxylin) for ova and parasites"
2026,87210,,20260101,N,00005.82,Smear wet mount saline/ink,Smear for infectious agents,"Smear, primary source with interpretation; wet mount for infectious agents (eg, saline, india ink, koh preps)"
2026,87210,QW,20260101,N,00005.82,Smear wet mount saline/ink,Smear for infectious agents,"Smear, primary source with interpretation; wet mount for infectious agents (eg, saline, india ink, koh preps)"
2026,87220,,20260101,N,00004.27,Tissue exam for fungi,Tissue fungi or parasites,"Tissue examination by koh slide of samples from skin, hair, or nails for fungi or ectoparasite ova or mites (eg, scabies)"
2026,87230,,20260101,N,00019.74,Toxin/antitoxin asy tiss cul,Microbial toxin or antitoxin assay,"Toxin or antitoxin assay, tissue culture (eg, clostridium difficile toxin)"
2026,87250,,20260101,N,00019.56,Virus inoculate eggs/animal,"Inoculation of embryonated eggs, or small animal for virus isolation","Virus isolation; inoculation of embryonated eggs, or small animal, includes observation and dissection"
2026,87252,,20260101,N,00026.07,Virus inoculation tissue,Tissue culture inoculation for virus isolation,"Virus isolation; tissue culture inoculation, observation, and presumptive identification by cytopathic effect"
2026,87253,,20260101,N,00020.20,Virus inoculate tissue addl,Tissue culture for virus isolation,"Virus isolation; tissue culture, additional studies or definitive identification (eg, hemabsorption, neutralization, immunofluorescence stain), each isolate"
2026,87254,,20260101,N,00019.56,Virus inoculation shell via,"Virus isolation, centrifuge enhanced","Virus isolation; centrifuge enhanced (shell vial) technique, includes identification with immunofluorescence stain, each virus"
2026,87255,,20260101,N,00033.86,Genet virus isolate hsv,Virus isolation,"Virus isolation; including identification by non-immunologic method, other than by cytopathic effect (eg, virus specific enzymatic activity)"
2026,87260,,20260101,N,00014.43,Adenovirus ag if,Detection test for adenovirus (virus),Infectious agent antigen detection by immunofluorescent technique; adenovirus
2026,87265,,20260101,N,00011.98,Pertussis ag if,Detection test for bordetella pertussis or parapertussis (respiratory bacteria),Infectious agent antigen detection by immunofluorescent technique; bordetella pertussis/parapertussis
2026,87267,,20260101,N,00013.42,Enterovirus antibody dfa,"Detection test for enterovirus (intestinal virus), direct fluorescent antibody","Infectious agent antigen detection by immunofluorescent technique; enterovirus, direct fluorescent antibody (dfa)"
2026,87269,,20260101,N,00013.61,Giardia ag if,Detection test by immunofluorescent technique for giardia (intestinal parasite),Infectious agent antigen detection by immunofluorescent technique; giardia
2026,87270,,20260101,N,00011.98,Chlamydia trachomatis ag if,Detection test by immunofluorescent technique for chlamydia,Infectious agent antigen detection by immunofluorescent technique; chlamydia trachomatis
2026,87271,,20260101,N,00013.42,Cytomegalovirus dfa,Detection test by immunofluorescent technique for cytomegalovirus (CMV),"Infectious agent antigen detection by immunofluorescent technique; cytomegalovirus, direct fluorescent antibody (dfa)"
2026,87272,,20260101,N,00011.98,Cryptosporidium ag if,Detection test by immunofluorescent technique for cryptosporidium (parasite),Infectious agent antigen detection by immunofluorescent technique; cryptosporidium
2026,87273,,20260101,N,00011.98,Herpes simplex 2 ag if,Detection test by immunofluorescent technique for herpes simplex virus type 2,Infectious agent antigen detection by immunofluorescent technique; herpes simplex virus type 2
2026,87274,,20260101,N,00011.98,Herpes simplex 1 ag if,Detection test by immunofluorescent technique for herpes simplex virus type 1,Infectious agent antigen detection by immunofluorescent technique; herpes simplex virus type 1
2026,87275,,20260101,N,00012.25,Influenza b ag if,Detection test by immunofluorescent technique for influenza B virus,Infectious agent antigen detection by immunofluorescent technique; influenza b virus
2026,87276,,20260101,N,00016.07,Influenza a ag if,Detection test by immunofluorescent technique for influenza A virus,Infectious agent antigen detection by immunofluorescent technique; influenza a virus
2026,87278,,20260101,N,00015.60,Legion pneumophilia ag if,Detection test by immunofluorescent technique for legionella pneumophila (water,Infectious agent antigen detection by immunofluorescent technique; legionella pneumophila
2026,87279,,20260101,N,00016.43,Parainfluenza ag if,Detection test by immunofluorescent technique for parainfluenza virus,"Infectious agent antigen detection by immunofluorescent technique; parainfluenza virus, each type"
2026,87280,,20260101,N,00013.42,Respiratory syncytial ag if,Detection test by immunofluorescent technique for respiratory syncytial virus,Infectious agent antigen detection by immunofluorescent technique; respiratory syncytial virus
2026,87281,,20260101,N,00011.98,Pneumocystis carinii ag if,Detection test by immunofluorescent technique for pneumocystis carinii,Infectious agent antigen detection by immunofluorescent technique; pneumocystis carinii
2026,87283,,20260101,N,00060.80,Rubeola ag if,Detection test by immunofluorescent technique for rubeola (measles virus),Infectious agent antigen detection by immunofluorescent technique; rubeola
2026,87285,,20260101,N,00012.18,Treponema pallidum ag if,Detection test by immunofluorescent technique for treponema pallidum (syphilis,Infectious agent antigen detection by immunofluorescent technique; treponema pallidum
2026,87290,,20260101,N,00013.42,Varicella zoster ag if,Detection test by immunofluorescent technique for varicella (chicken pox),Infectious agent antigen detection by immunofluorescent technique; varicella zoster virus
2026,87299,,20260101,N,00016.10,Antibody detection nos if,Detection test by immunofluorescent technique for organism,"Infectious agent antigen detection by immunofluorescent technique; not otherwise specified, each organism"
2026,87300,,20260101,N,00011.98,Ag detection polyval if,Detection test by immunofluorescent technique for multiple organisms,"Infectious agent antigen detection by immunofluorescent technique, polyvalent for multiple organisms, each polyvalent antiserum"
2026,87301,,20260101,N,00011.98,Adenovirus ag ia,Detection test by immunoassay technique for adenovirus enteric types 40/41,"Infectious agent antigen detection by immunoassay technique (eg, enzyme immunoassay [eia], enzyme-linked immunosorbent assay [elisa], fluorescence immunoassay [fia], immunochemiluminometric assay [imca]), qualitative or semiquantitative; adenovirus enteric types 40/41"
2026,87305,,20260101,N,00011.98,Aspergillus ag ia,Detection test by immunoassay technique for aspergillus (fungus),"Infectious agent antigen detection by immunoassay technique (eg, enzyme immunoassay [eia], enzyme-linked immunosorbent assay [elisa], fluorescence immunoassay [fia], immunochemiluminometric assay [imca]), qualitative or semiquantitative; aspergillus"
2026,87320,,20260101,N,00015.00,Chlmyd trach ag ia,Detection test by immunoassay technique for Chlamydia trachomatis,"Infectious agent antigen detection by immunoassay technique (eg, enzyme immunoassay [eia], enzyme-linked immunosorbent assay [elisa], fluorescence immunoassay [fia], immunochemiluminometric assay [imca]), qualitative or semiquantitative; chlamydia trachomatis"
2026,87324,,20260101,N,00011.98,Clostridium ag ia,Detection test by immunoassay technique for clostridium difficile toxins (stool,"Infectious agent antigen detection by immunoassay technique (eg, enzyme immunoassay [eia], enzyme-linked immunosorbent assay [elisa], fluorescence immunoassay [fia], immunochemiluminometric assay [imca]), qualitative or semiquantitative; clostridium difficile toxin(s)"
2026,87327,,20260101,N,00013.42,Cryptococcus neoform ag ia,"Detection test by immunoassay technique, multistep method, for Cryptococcus","Infectious agent antigen detection by immunoassay technique (eg, enzyme immunoassay [eia], enzyme-linked immunosorbent assay [elisa], fluorescence immunoassay [fia], immunochemiluminometric assay [imca]), qualitative or semiquantitative; cryptococcus neoformans"
2026,87328,,20260101,N,00013.82,Cryptosporidium ag ia,Detection test by immunoassay technique for cryptosporidium (parasite),"Infectious agent antigen detection by immunoassay technique (eg, enzyme immunoassay [eia], enzyme-linked immunosorbent assay [elisa], fluorescence immunoassay [fia], immunochemiluminometric assay [imca]), qualitative or semiquantitative; cryptosporidium"
2026,87329,,20260101,N,00011.98,Giardia ag ia,Detection test by immunoassay technique for giardia (intestinal parasite),"Infectious agent antigen detection by immunoassay technique (eg, enzyme immunoassay [eia], enzyme-linked immunosorbent assay [elisa], fluorescence immunoassay [fia], immunochemiluminometric assay [imca]), qualitative or semiquantitative; giardia"
2026,87332,,20260101,N,00011.98,Cytomegalovirus ag ia,Detection test by immunoassay technique for cytomegalovirus,"Infectious agent antigen detection by immunoassay technique (eg, enzyme immunoassay [eia], enzyme-linked immunosorbent assay [elisa], fluorescence immunoassay [fia], immunochemiluminometric assay [imca]), qualitative or semiquantitative; cytomegalovirus"
2026,87335,,20260101,N,00012.66,E coli 0157 ag ia,Detection test by immunoassay technique for Escherichia coli 0157 (E. coli),"Infectious agent antigen detection by immunoassay technique (eg, enzyme immunoassay [eia], enzyme-linked immunosorbent assay [elisa], fluorescence immunoassay [fia], immunochemiluminometric assay [imca]), qualitative or semiquantitative; escherichia coli 0157"
2026,87336,,20260101,N,00016.00,Entamoeb hist dispr ag ia,Detection test by immunoassay technique for entamoeba histolytica dispar group,"Infectious agent antigen detection by immunoassay technique (eg, enzyme immunoassay [eia], enzyme-linked immunosorbent assay [elisa], fluorescence immunoassay [fia], immunochemiluminometric assay [imca]), qualitative or semiquantitative; entamoeba histolytica dispar group"
2026,87337,,20260101,N,00011.98,Entamoeb hist group ag ia,Detection test by immunoassay technique for entamoeba histolytica group,"Infectious agent antigen detection by immunoassay technique (eg, enzyme immunoassay [eia], enzyme-linked immunosorbent assay [elisa], fluorescence immunoassay [fia], immunochemiluminometric assay [imca]), qualitative or semiquantitative; entamoeba histolytica group"
2026,87338,,20260101,N,00014.38,Hpylori stool ag ia,Detection test by immunoassay technique for Helicobacter pylori (GI tract,"Infectious agent antigen detection by immunoassay technique (eg, enzyme immunoassay [eia], enzyme-linked immunosorbent assay [elisa], fluorescence immunoassay [fia], immunochemiluminometric assay [imca]), qualitative or semiquantitative; helicobacter pylori, stool"
2026,87338,QW,20260101,N,00014.38,Hpylori stool ag ia,Detection test by immunoassay technique for Helicobacter pylori (GI tract,"Infectious agent antigen detection by immunoassay technique (eg, enzyme immunoassay [eia], enzyme-linked immunosorbent assay [elisa], fluorescence immunoassay [fia], immunochemiluminometric assay [imca]), qualitative or semiquantitative; helicobacter pylori, stool"
2026,87339,,20260101,N,00016.00,H pylori ag ia,Detection test by immunoassay technique for helicobacter pylori (GI tract,"Infectious agent antigen detection by immunoassay technique (eg, enzyme immunoassay [eia], enzyme-linked immunosorbent assay [elisa], fluorescence immunoassay [fia], immunochemiluminometric assay [imca]), qualitative or semiquantitative; helicobacter pylori"
2026,87340,,20260101,N,00010.33,Hepatitis b surface ag ia,Detection test by immunoassay technique for Hepatitis B surface antigen,"Infectious agent antigen detection by immunoassay technique (eg, enzyme immunoassay [eia], enzyme-linked immunosorbent assay [elisa], fluorescence immunoassay [fia], immunochemiluminometric assay [imca]), qualitative or semiquantitative; hepatitis b surface antigen (hbsag)"
2026,87341,,20260101,N,00010.33,Hep b surface ag neutrlzj ia,Detection test by immunoassay technique for Hepatitis B surface antigen,"Infectious agent antigen detection by immunoassay technique (eg, enzyme immunoassay [eia], enzyme-linked immunosorbent assay [elisa], fluorescence immunoassay [fia], immunochemiluminometric assay [imca]), qualitative or semiquantitative; hepatitis b surface antigen (hbsag) neutralization"
2026,87350,,20260101,N,00011.53,Hepatitis be ag ia,Detection test by immunoassay technique for Hepatitis Be surface antigen,"Infectious agent antigen detection by immunoassay technique (eg, enzyme immunoassay [eia], enzyme-linked immunosorbent assay [elisa], fluorescence immunoassay [fia], immunochemiluminometric assay [imca]), qualitative or semiquantitative; hepatitis be antigen (hbeag)"
2026,87380,,20260101,N,00018.36,Hepatitis delta agent ag ia,Detection test by immunoassay technique for Hepatitis D,"Infectious agent antigen detection by immunoassay technique (eg, enzyme immunoassay [eia], enzyme-linked immunosorbent assay [elisa], fluorescence immunoassay [fia], immunochemiluminometric assay [imca]), qualitative or semiquantitative; hepatitis, delta agent"
2026,87385,,20260101,N,00013.25,Histoplasma capsul ag ia,Detection test by immunoassay technique for histoplasma capsulatum (parasite),"Infectious agent antigen detection by immunoassay technique (eg, enzyme immunoassay [eia], enzyme-linked immunosorbent assay [elisa], fluorescence immunoassay [fia], immunochemiluminometric assay [imca]), qualitative or semiquantitative; histoplasma capsulatum"
2026,87389,,20260101,N,00024.08,Hiv-1 ag w/hiv-1&-2 ab ag ia,Detection test by immunoassay technique for HIV-1 antigen and HIV-1 and HIV-2,"Infectious agent antigen detection by immunoassay technique (eg, enzyme immunoassay [eia], enzyme-linked immunosorbent assay [elisa], fluorescence immunoassay [fia], immunochemiluminometric assay [imca]), qualitative or semiquantitative; hiv-1 antigen(s), with hiv-1 and hiv-2 antibodies, single result"
2026,87389,QW,20260101,N,00024.08,Hiv-1 ag w/hiv-1&-2 ab ag ia,Detection test by immunoassay technique for HIV-1 antigen and HIV-1 and HIV-2,"Infectious agent antigen detection by immunoassay technique (eg, enzyme immunoassay [eia], enzyme-linked immunosorbent assay [elisa], fluorescence immunoassay [fia], immunochemiluminometric assay [imca]), qualitative or semiquantitative; hiv-1 antigen(s), with hiv-1 and hiv-2 antibodies, single result"
2026,87390,,20260101,N,00024.06,Hiv-1 ag ia,Detection test by immunoassay technique for HIV-1 antigen,"Infectious agent antigen detection by immunoassay technique (eg, enzyme immunoassay [eia], enzyme-linked immunosorbent assay [elisa], fluorescence immunoassay [fia], immunochemiluminometric assay [imca]), qualitative or semiquantitative; hiv-1"
2026,87391,,20260101,N,00021.90,Hiv-2 ag ia,Detection test by immunoassay technique for HIV-2 antigen,"Infectious agent antigen detection by immunoassay technique (eg, enzyme immunoassay [eia], enzyme-linked immunosorbent assay [elisa], fluorescence immunoassay [fia], immunochemiluminometric assay [imca]), qualitative or semiquantitative; hiv-2"
2026,87400,,20260101,N,00014.13,Influenza a/b each ag ia,Detection test by immunoassay technique for influenza virus,"Infectious agent antigen detection by immunoassay technique (eg, enzyme immunoassay [eia], enzyme-linked immunosorbent assay [elisa], fluorescence immunoassay [fia], immunochemiluminometric assay [imca]), qualitative or semiquantitative; influenza, a or b, each"
2026,87400,QW,20260101,N,00014.13,Influenza a/b each ag ia,Detection test by immunoassay technique for influenza virus,"Infectious agent antigen detection by immunoassay technique (eg, enzyme immunoassay [eia], enzyme-linked immunosorbent assay [elisa], fluorescence immunoassay [fia], immunochemiluminometric assay [imca]), qualitative or semiquantitative; influenza, a or b, each"
2026,87420,,20260101,N,00013.91,Resp syncytial virus ag ia,Detection test by immunoassay technique for respiratory syncytial virus (RSV),"Infectious agent antigen detection by immunoassay technique (eg, enzyme immunoassay [eia], enzyme-linked immunosorbent assay [elisa], fluorescence immunoassay [fia], immunochemiluminometric assay [imca]), qualitative or semiquantitative; respiratory syncytial virus"
2026,87420,QW,20260101,N,00013.91,Resp syncytial virus ag ia,Detection test by immunoassay technique for respiratory syncytial virus (RSV),"Infectious agent antigen detection by immunoassay technique (eg, enzyme immunoassay [eia], enzyme-linked immunosorbent assay [elisa], fluorescence immunoassay [fia], immunochemiluminometric assay [imca]), qualitative or semiquantitative; respiratory syncytial virus"
2026,87425,,20260101,N,00011.98,Rotavirus ag ia,Detection test by immunoassay technique for Rotavirus,"Infectious agent antigen detection by immunoassay technique (eg, enzyme immunoassay [eia], enzyme-linked immunosorbent assay [elisa], fluorescence immunoassay [fia], immunochemiluminometric assay [imca]), qualitative or semiquantitative; rotavirus"
2026,87426,,20260101,N,00035.33,Sarscov coronavirus ag ia,Detection test by immunoassay technique for severe acute respiratory syndrome,"Infectious agent antigen detection by immunoassay technique (eg, enzyme immunoassay [eia], enzyme-linked immunosorbent assay [elisa], fluorescence immunoassay [fia], immunochemiluminometric assay [imca]), qualitative or semiquantitative; severe acute respiratory syndrome coronavirus (eg, sars-cov, sars-cov-2 [covid-19])"
2026,87426,QW,20260101,N,00035.33,Sarscov coronavirus ag ia,Detection test by immunoassay technique for severe acute respiratory syndrome,"Infectious agent antigen detection by immunoassay technique (eg, enzyme immunoassay [eia], enzyme-linked immunosorbent assay [elisa], fluorescence immunoassay [fia], immunochemiluminometric assay [imca]), qualitative or semiquantitative; severe acute respiratory syndrome coronavirus (eg, sars-cov, sars-cov-2 [covid-19])"
2026,87427,,20260101,N,00011.98,Shiga-like toxin ag ia,Detection test by immunoassay technique for Shiga-like toxin (bacterial toxin),"Infectious agent antigen detection by immunoassay technique (eg, enzyme immunoassay [eia], enzyme-linked immunosorbent assay [elisa], fluorescence immunoassay [fia], immunochemiluminometric assay [imca]), qualitative or semiquantitative; shiga-like toxin"
2026,87428,,20260101,N,00070.29,Sarscov & inf vir a&b ag ia,Detection test by immunoassay technique for severe acute respiratory syndrome,"Infectious agent antigen detection by immunoassay technique (eg, enzyme immunoassay [eia], enzyme-linked immunosorbent assay [elisa], fluorescence immunoassay [fia], immunochemiluminometric assay [imca]), qualitative or semiquantitative; severe acute respiratory syndrome coronavirus (eg, sars-cov, sars-cov-2 [covid-19]) and influenza virus types a and b"
2026,87428,QW,20260101,N,00070.29,Sarscov & inf vir a&b ag ia,Detection test by immunoassay technique for severe acute respiratory syndrome,"Infectious agent antigen detection by immunoassay technique (eg, enzyme immunoassay [eia], enzyme-linked immunosorbent assay [elisa], fluorescence immunoassay [fia], immunochemiluminometric assay [imca]), qualitative or semiquantitative; severe acute respiratory syndrome coronavirus (eg, sars-cov, sars-cov-2 [covid-19]) and influenza virus types a and b"
2026,87430,,20260101,N,00016.81,Strep a ag ia,"Detection test by immunoassay technique for Streptococcus, group A (strep)","Infectious agent antigen detection by immunoassay technique (eg, enzyme immunoassay [eia], enzyme-linked immunosorbent assay [elisa], fluorescence immunoassay [fia], immunochemiluminometric assay [imca]), qualitative or semiquantitative; streptococcus, group a"
2026,87430,QW,20260101,N,00016.81,Strep a ag ia,"Detection test by immunoassay technique for Streptococcus, group A (strep)","Infectious agent antigen detection by immunoassay technique (eg, enzyme immunoassay [eia], enzyme-linked immunosorbent assay [elisa], fluorescence immunoassay [fia], immunochemiluminometric assay [imca]), qualitative or semiquantitative; streptococcus, group a"
2026,87449,,20260101,N,00011.98,Nos each organism ag ia,Detection test by immunoassay technique for other organism,"Infectious agent antigen detection by immunoassay technique (eg, enzyme immunoassay [eia], enzyme-linked immunosorbent assay [elisa], fluorescence immunoassay [fia], immunochemiluminometric assay [imca]), qualitative or semiquantitative; not otherwise specified, each organism"
2026,87449,QW,20260101,N,00011.98,Nos each organism ag ia,Detection test by immunoassay technique for other organism,"Infectious agent antigen detection by immunoassay technique (eg, enzyme immunoassay [eia], enzyme-linked immunosorbent assay [elisa], fluorescence immunoassay [fia], immunochemiluminometric assay [imca]), qualitative or semiquantitative; not otherwise specified, each organism"
2026,87451,,20260101,N,00010.51,Polyvalent mult org ea ag ia,"Detection test by immunoassay technique for multiple organisms, each polyvalent","Infectious agent antigen detection by immunoassay technique (eg, enzyme immunoassay [eia], enzyme-linked immunosorbent assay [elisa], fluorescence immunoassay [fia], immunochemiluminometric assay [imca]), qualitative or semiquantitative; polyvalent for multiple organisms, each polyvalent antiserum"
2026,87467,,20260101,N,00025.32,Hepatitis b surface ag quan,Detection of Hepatitis B surface antigen (HBsAg),"Infectious agent antigen detection by immunoassay technique (eg, enzyme immunoassay [eia], enzyme-linked immunosorbent assay [elisa], fluorescence immunoassay [fia], immunochemiluminometric assay [imca]), qualitative or semiquantitative; hepatitis b surface antigen (hbsag), quantitative"
2026,87468,,20260101,N,00035.09,Anaplsma phgcytophlm amp prb,Detection of Anaplasma phagocytophilum by amplified nucleic acid probe technique,"Infectious agent detection by nucleic acid (dna or rna); anaplasma phagocytophilum, amplified probe technique"
2026,87469,,20260101,N,00035.09,Babesia microti amp prb,Detection of Babesia microtim by amplified nucleic acid probe technique,"Infectious agent detection by nucleic acid (dna or rna); babesia microti, amplified probe technique"
2026,87471,,20260101,N,00035.09,Bartonella dna amp probe,Detection by nucleic acid Bartonella henselae and Bartonella quintana,"Infectious agent detection by nucleic acid (dna or rna); bartonella henselae and bartonella quintana, amplified probe technique"
2026,87472,,20260101,N,00042.84,Bartonella dna quant,Detection by nucleic acid Bartonella henselae and Bartonella quintana,"Infectious agent detection by nucleic acid (dna or rna); bartonella henselae and bartonella quintana, quantification"
2026,87475,,20260101,N,00020.05,Lyme dis dna dir probe,"Detection by nucleic acid for borrelia burgdorferi (bacteria), direct probe","Infectious agent detection by nucleic acid (dna or rna); borrelia burgdorferi, direct probe technique"
2026,87476,,20260101,N,00035.09,Lyme dis dna amp probe,"Detection by nucleic acid for borrelia burgdorferi (bacteria), amplified probe","Infectious agent detection by nucleic acid (dna or rna); borrelia burgdorferi, amplified probe technique"
2026,87478,,20260101,N,00035.09,Borrelia miyamotoi amp prb,Detection of Babesia Borrelia miyamotoi by amplified nucleic acid probe,"Infectious agent detection by nucleic acid (dna or rna); borrelia miyamotoi, amplified probe technique"
2026,87480,,20260101,N,00020.05,Candida dna dir probe,"Detection test for candida species (yeast), direct probe technique","Infectious agent detection by nucleic acid (dna or rna); candida species, direct probe technique"
2026,87481,,20260101,N,00035.09,Candida dna amp probe,"Detection test for candida species (yeast), amplified probe technique","Infectious agent detection by nucleic acid (dna or rna); candida species, amplified probe technique"
2026,87482,,20260101,N,00055.74,Candida dna quant,"Detection test for candida species (yeast), quantification","Infectious agent detection by nucleic acid (dna or rna); candida species, quantification"
2026,87483,,20260101,N,00416.78,Cns dna amp probe type 12-25,Test for detecting nucleic acid of organism causing infection of central,"Infectious agent detection by nucleic acid (dna or rna); central nervous system pathogen (eg, neisseria meningitidis, streptococcus pneumoniae, listeria, haemophilus influenzae, e. coli, streptococcus agalactiae, enterovirus, human parechovirus, herpes simplex virus type 1 and 2, human herpesvirus 6, cytomegalovirus, varicella zoster virus, cryptococcus), includes multiplex reverse transcription, when performed, and multiplex amplified probe technique, multiple types or subtypes, 12-25 targets"
2026,87484,,20260101,N,00035.09,Ehrlicha chaffeensis amp prb,Detection of Ehrlichia chaffeensis by amplified nucleic acid probe technique,"Infectious agent detection by nucleic acid (dna or rna); ehrlichia chaffeensis, amplified probe technique"
2026,87485,,20260101,N,00020.05,Chlmyd pneum dna dir probe,"Detection test by nucleic acid for chlamydia pneumoniae, direct probe technique","Infectious agent detection by nucleic acid (dna or rna); chlamydia pneumoniae, direct probe technique"
2026,87486,,20260101,N,00035.09,Chlmyd pneum dna amp probe,"Detection test by nucleic acid for Chlamydia pneumoniae, amplified probe","Infectious agent detection by nucleic acid (dna or rna); chlamydia pneumoniae, amplified probe technique"
2026,87487,,20260101,N,00042.84,Chlmyd pneum dna quant,"Detection test by nucleic acid for chlamydia pneumoniae, quantification","Infectious agent detection by nucleic acid (dna or rna); chlamydia pneumoniae, quantification"
2026,87490,,20260101,N,00022.75,Chlmyd trach dna dir probe,"Detection test by nucleic acid for chlamydia, direct probe technique","Infectious agent detection by nucleic acid (dna or rna); chlamydia trachomatis, direct probe technique"
2026,87491,,20260101,N,00035.09,Chlmyd trach dna amp probe,"Detection test by nucleic acid for chlamydia trachomatis, amplified probe","Infectious agent detection by nucleic acid (dna or rna); chlamydia trachomatis, amplified probe technique"
2026,87491,QW,20260101,N,00035.09,Chlmyd trach dna amp probe,"Detection test by nucleic acid for chlamydia trachomatis, amplified probe","Infectious agent detection by nucleic acid (dna or rna); chlamydia trachomatis, amplified probe technique"
2026,87492,,20260101,N,00053.47,Chlmyd trach dna quant,"Detection test by nucleic acid for chlamydia trachomatis, quantification","Infectious agent detection by nucleic acid (dna or rna); chlamydia trachomatis, quantification"
2026,87493,,20260101,N,00037.27,C diff amplified probe,"Detection test by nucleic acid for clostridium difficile, amplified probe","Infectious agent detection by nucleic acid (dna or rna); clostridium difficile, toxin gene(s), amplified probe technique"
2026,87494,,20260101,N,00070.18,Chlmy trch&neisra gonor mult,Detection test by nucleic acid (DNA or RNA) multiplex amplified probe technique,"Infectious agent detection by nucleic acid (dna or rna); chlamydia trachomatis and neisseria gonorrhoeae, multiplex amplified probe technique"
2026,87494,QW,20260101,N,00070.18,Chlmy trch&neisra gonor mult,Detection test by nucleic acid (DNA or RNA) multiplex amplified probe technique,"Infectious agent detection by nucleic acid (dna or rna); chlamydia trachomatis and neisseria gonorrhoeae, multiplex amplified probe technique"
2026,87495,,20260101,N,00030.03,Cytomeg dna dir probe,"Detection test by nucleic acid for cytomegalovirus (CMV), direct probe technique","Infectious agent detection by nucleic acid (dna or rna); cytomegalovirus, direct probe technique"
2026,87496,,20260101,N,00035.09,Cytomeg dna amp probe,"Detection test by nucleic acid for Cytomegalovirus (CMV), amplified probe","Infectious agent detection by nucleic acid (dna or rna); cytomegalovirus, amplified probe technique"
2026,87497,,20260101,N,00042.84,Cytomeg dna quant,"Detection test by nucleic acid for cytomegalovirus, quantification","Infectious agent detection by nucleic acid (dna or rna); cytomegalovirus, quantification"
2026,87498,,20260101,N,00035.09,Enterovirus probe&revrs trns,"Detection test by nucleic acid for enterovirus (intestinal virus), amplified","Infectious agent detection by nucleic acid (dna or rna); enterovirus, amplified probe technique, includes reverse transcription when performed"
2026,87500,,20260101,N,00035.09,Vanomycin dna amp probe,"Detection test by nucleic acid for Vancomycin resistance strep (VRE), amplified","Infectious agent detection by nucleic acid (dna or rna); vancomycin resistance (eg, enterococcus species van a, van b), amplified probe technique"
2026,87501,,20260101,N,00051.31,Influenza dna amp prob 1+,"Detection test by nucleic acid for influenza virus, each type or subtype","Infectious agent detection by nucleic acid (dna or rna); influenza virus, includes reverse transcription, when performed, and amplified probe technique, each type or subtype"
2026,87502,,20260101,N,00095.80,Influenza dna amp probe,Detection test by nucleic acid for multiple types influenza virus,"Infectious agent detection by nucleic acid (dna or rna); influenza virus, for multiple types or sub-types, includes multiplex reverse transcription, when performed, and multiplex amplified probe technique, first 2 types or sub-types"
2026,87502,QW,20260101,N,00095.80,Influenza dna amp probe,Detection test by nucleic acid for multiple types influenza virus,"Infectious agent detection by nucleic acid (dna or rna); influenza virus, for multiple types or sub-types, includes multiplex reverse transcription, when performed, and multiplex amplified probe technique, first 2 types or sub-types"
2026,87503,,20260101,N,00029.22,Influenza dna amp prob addl,"Detection test by nucleic acid for multiple types influenza virus, each","Infectious agent detection by nucleic acid (dna or rna); influenza virus, for multiple types or sub-types, includes multiplex reverse transcription, when performed, and multiplex amplified probe technique, each additional influenza virus type or sub-type beyond 2 (list separately in addition to code for primary procedure)"
2026,87505,,20260101,N,00128.29,Nfct agent detection gi,"Detection test by nucleic acid for digestive tract pathogen, multiple types or","Infectious agent detection by nucleic acid (dna or rna); gastrointestinal pathogen (eg, clostridium difficile, e. coli, salmonella, shigella, norovirus, giardia), includes multiplex reverse transcription, when performed, and multiplex amplified probe technique, multiple types or subtypes, 3-5 targets"
2026,87506,,20260101,N,00262.99,Iadna-dna/rna probe tq 6-11,"Detection test by nucleic acid for digestive tract pathogen, multiple types or","Infectious agent detection by nucleic acid (dna or rna); gastrointestinal pathogen (eg, clostridium difficile, e. coli, salmonella, shigella, norovirus, giardia), includes multiplex reverse transcription, when performed, and multiplex amplified probe technique, multiple types or subtypes, 6-11 targets"
2026,87507,,20260101,N,00416.78,Iadna-dna/rna probe tq 12-25,"Detection test by nucleic acid for digestive tract pathogen, multiple types or","Infectious agent detection by nucleic acid (dna or rna); gastrointestinal pathogen (eg, clostridium difficile, e. coli, salmonella, shigella, norovirus, giardia), includes multiplex reverse transcription, when performed, and multiplex amplified probe technique, multiple types or subtypes, 12-25 targets"
2026,87510,,20260101,N,00020.05,Gardner vag dna dir probe,"Detection test for gardnerella vaginalis (bacteria), direct probe technique","Infectious agent detection by nucleic acid (dna or rna); gardnerella vaginalis, direct probe technique"
2026,87511,,20260101,N,00035.09,Gardner vag dna amp probe,"Detection test for gardnerella vaginalis (bacteria), amplified probe technique","Infectious agent detection by nucleic acid (dna or rna); gardnerella vaginalis, amplified probe technique"
2026,87512,,20260101,N,00041.76,Gardner vag dna quant,"Detection test for gardnerella vaginalis (bacteria), quantification","Infectious agent detection by nucleic acid (dna or rna); gardnerella vaginalis, quantification"
2026,87513,,20260101,N,00035.09,H pylri clrthmcn rst amp prb,Detection test by nucleic acid for helicobacter pylori clarithromycin,"Infectious agent detection by nucleic acid (dna or rna); helicobacter pylori (h. pylori), clarithromycin resistance, amplified probe technique"
2026,87516,,20260101,N,00035.09,Hepatitis b dna amp probe,"Detection test by nucleic acid for Hepatitis B virus, amplified probe technique","Infectious agent detection by nucleic acid (dna or rna); hepatitis b virus, amplified probe technique"
2026,87517,,20260101,N,00042.84,Hepatitis b dna quant,"Detection test by nucleic acid for Hepatitis B virus, quantification","Infectious agent detection by nucleic acid (dna or rna); hepatitis b virus, quantification"
2026,87520,,20260101,N,00031.22,Hepatitis c rna dir probe,"Detection test by nucleic acid for Hepatitis C virus, direct probe technique","Infectious agent detection by nucleic acid (dna or rna); hepatitis c, direct probe technique"
2026,87521,,20260101,N,00035.09,Hepatitis c probe&rvrs trnsc,"Detection test by nucleic acid for Hepatitis C virus, amplified probe technique","Infectious agent detection by nucleic acid (dna or rna); hepatitis c, amplified probe technique, includes reverse transcription when performed"
2026,87521,QW,20260101,N,00035.09,Hepatitis c probe&rvrs trnsc,"Detection test by nucleic acid for Hepatitis C virus, amplified probe technique","Infectious agent detection by nucleic acid (dna or rna); hepatitis c, amplified probe technique, includes reverse transcription when performed"
2026,87522,,20260101,N,00042.84,Hepatitis c revrs trnscrpj,"Detection test by nucleic acid for Hepatitis C virus, quantification","Infectious agent detection by nucleic acid (dna or rna); hepatitis c, quantification, includes reverse transcription when performed"
2026,87523,,20260101,N,00042.84,Hepatitis d quantification,Detection of Hepatitis D (delta),"Infectious agent detection by nucleic acid (dna or rna); hepatitis d (delta), quantification, including reverse transcription, when performed"
2026,87525,,20260101,N,00029.80,Hepatitis g dna dir probe,"Detection test by nucleic acid for Hepatitis G virus, direct probe technique","Infectious agent detection by nucleic acid (dna or rna); hepatitis g, direct probe technique"
2026,87526,,20260101,N,00039.26,Hepatitis g dna amp probe,"Detection test by nucleic acid for Hepatitis G virus, amplified probe technique","Infectious agent detection by nucleic acid (dna or rna); hepatitis g, amplified probe technique"
2026,87527,,20260101,N,00041.76,Hepatitis g dna quant,"Detection test by nucleic acid for Hepatitis G virus, quantification","Infectious agent detection by nucleic acid (dna or rna); hepatitis g, quantification"
2026,87528,,20260101,N,00020.05,Hsv dna dir probe,"Detection test by nucleic acid for herpes simplex virus, direct probe technique","Infectious agent detection by nucleic acid (dna or rna); herpes simplex virus, direct probe technique"
2026,87529,,20260101,N,00035.09,Hsv dna amp probe,"Detection test by nucleic acid for herpes simplex virus, amplified probe","Infectious agent detection by nucleic acid (dna or rna); herpes simplex virus, amplified probe technique"
2026,87530,,20260101,N,00042.84,Hsv dna quant,"Detection test by nucleic acid for herpes simplex virus, quantification","Infectious agent detection by nucleic acid (dna or rna); herpes simplex virus, quantification"
2026,87531,,20260101,N,00058.00,Hhv-6 dna dir probe,"Detection test by nucleic acid for herpes virus-6, direct probe technique","Infectious agent detection by nucleic acid (dna or rna); herpes virus-6, direct probe technique"
2026,87532,,20260101,N,00035.09,Hhv-6 dna amp probe,"Detection test by nucleic acid for herpes virus-6, amplified probe technique","Infectious agent detection by nucleic acid (dna or rna); herpes virus-6, amplified probe technique"
2026,87533,,20260101,N,00041.76,Hhv-6 dna quant,"Detection test by nucleic acid for herpes virus-6, quantification","Infectious agent detection by nucleic acid (dna or rna); herpes virus-6, quantification"
2026,87534,,20260101,N,00021.92,Hiv-1 dna dir probe,"Detection test by nucleic acid for HIV-1 virus, direct probe technique","Infectious agent detection by nucleic acid (dna or rna); hiv-1, direct probe technique"
2026,87535,,20260101,N,00035.09,Hiv-1 probe&reverse trnscrpj,"Detection test by nucleic acid for HIV-1 virus, amplified probe technique","Infectious agent detection by nucleic acid (dna or rna); hiv-1, amplified probe technique, includes reverse transcription when performed"
2026,87536,,20260101,N,00085.10,Hiv-1 quant&revrse trnscrpj,"Detection test by nucleic acid for HIV-1 virus, quantification","Infectious agent detection by nucleic acid (dna or rna); hiv-1, quantification, includes reverse transcription when performed"
2026,87537,,20260101,N,00021.92,Hiv-2 dna dir probe,"Detection test by nucleic acid for HIV-2 virus, direct probe technique","Infectious agent detection by nucleic acid (dna or rna); hiv-2, direct probe technique"
2026,87538,,20260101,N,00035.09,Hiv-2 probe&revrse trnscripj,"Detection test by nucleic acid for HIV-2 virus, amplified probe technique","Infectious agent detection by nucleic acid (dna or rna); hiv-2, amplified probe technique, includes reverse transcription when performed"
2026,87539,,20260101,N,00058.62,Hiv-2 quant&revrse trnscripj,"Detection test by nucleic acid for HIV-2 virus, quantification","Infectious agent detection by nucleic acid (dna or rna); hiv-2, quantification, includes reverse transcription when performed"
2026,87540,,20260101,N,00020.05,Legion pneumo dna dir prob,Detection test by nucleic acid for legionella pneumophila (water borne,"Infectious agent detection by nucleic acid (dna or rna); legionella pneumophila, direct probe technique"
2026,87541,,20260101,N,00035.09,Legion pneumo dna amp prob,Detection test by nucleic acid for legionella pneumophila (water borne,"Infectious agent detection by nucleic acid (dna or rna); legionella pneumophila, amplified probe technique"
2026,87542,,20260101,N,00041.76,Legion pneumo dna quant,Detection test by nucleic acid for legionella pneumophila (water borne,"Infectious agent detection by nucleic acid (dna or rna); legionella pneumophila, quantification"
2026,87550,,20260101,N,00020.05,Mycobacteria dna dir probe,"Detection test by nucleic acid for Mycobacteria species (bacteria), direct","Infectious agent detection by nucleic acid (dna or rna); mycobacteria species, direct probe technique"
2026,87551,,20260101,N,00048.24,Mycobacteria dna amp probe,"Detection test by nucleic acid for Mycobacteria species (bacteria), amplified","Infectious agent detection by nucleic acid (dna or rna); mycobacteria species, amplified probe technique"
2026,87552,,20260101,N,00042.84,Mycobacteria dna quant,"Detection test by nucleic acid for Mycobacteria species (bacteria),","Infectious agent detection by nucleic acid (dna or rna); mycobacteria species, quantification"
2026,87555,,20260101,N,00026.88,M.tuberculo dna dir probe,"Detection test by nucleic acid for Mycobacteria tuberculosis (TB bacteria),","Infectious agent detection by nucleic acid (dna or rna); mycobacteria tuberculosis, direct probe technique"
2026,87556,,20260101,N,00041.68,M.tuberculo dna amp probe,"Detection test by nucleic acid for Mycobacteria tuberculosis (TB bacteria),","Infectious agent detection by nucleic acid (dna or rna); mycobacteria tuberculosis, amplified probe technique"
2026,87557,,20260101,N,00042.84,M.tuberculo dna quant,"Detection test by nucleic acid for Mycobacteria tuberculosis (TB bacteria),","Infectious agent detection by nucleic acid (dna or rna); mycobacteria tuberculosis, quantification"
2026,87560,,20260101,N,00027.29,M.avium-intra dna dir prob,Detection test by nucleic acid for Mycobacteria avium-intracellulare,"Infectious agent detection by nucleic acid (dna or rna); mycobacteria avium-intracellulare, direct probe technique"
2026,87561,,20260101,N,00035.09,M.avium-intra dna amp prob,Detection test by nucleic acid for Mycobacteria avium-intracellulare,"Infectious agent detection by nucleic acid (dna or rna); mycobacteria avium-intracellulare, amplified probe technique"
2026,87562,,20260101,N,00042.84,M.avium-intra dna quant,Detection test by nucleic acid for Mycobacteria avium-intracellulare,"Infectious agent detection by nucleic acid (dna or rna); mycobacteria avium-intracellulare, quantification"
2026,87563,,20260101,N,00035.09,M. genitalium amp probe,Detection of Mycoplasma genitalium by DNA or RNA probe,"Infectious agent detection by nucleic acid (dna or rna); mycoplasma genitalium, amplified probe technique"
2026,87563,QW,20260101,N,00035.09,M. genitalium amp probe,Detection of Mycoplasma genitalium by DNA or RNA probe,"Infectious agent detection by nucleic acid (dna or rna); mycoplasma genitalium, amplified probe technique"
2026,87564,,20260101,N,00076.77,Mtb rifampin rst amp prb tq,Detection test by nucleic acid for mycobacterium tuberculosis rifampin,"Infectious agent detection by nucleic acid (dna or rna); mycobacterium tuberculosis, rifampin resistance, amplified probe technique"
2026,87580,,20260101,N,00020.05,M.pneumon dna dir probe,"Detection test by nucleic acid for Mycoplasma pneumoniae (bacteria), direct","Infectious agent detection by nucleic acid (dna or rna); mycoplasma pneumoniae, direct probe technique"
2026,87581,,20260101,N,00035.09,M.pneumon dna amp probe,"Detection test by nucleic acid for Mycoplasma pneumoniae (bacteria), amplified","Infectious agent detection by nucleic acid (dna or rna); mycoplasma pneumoniae, amplified probe technique"
2026,87582,,20260101,N,00302.62,M.pneumon dna quant,"Detection test by nucleic acid for Mycoplasma pneumoniae (bacteria),","Infectious agent detection by nucleic acid (dna or rna); mycoplasma pneumoniae, quantification"
2026,87590,,20260101,N,00026.88,N.gonorrhoeae dna dir prob,Detection test by nucleic acid for Neisseria gonorrhoeae (gonorrhoeae,"Infectious agent detection by nucleic acid (dna or rna); neisseria gonorrhoeae, direct probe technique"
2026,87591,,20260101,N,00035.09,N.gonorrhoeae dna amp prob,Detection test by nucleic acid for Neisseria gonorrhoeae (gonorrhoeae,"Infectious agent detection by nucleic acid (dna or rna); neisseria gonorrhoeae, amplified probe technique"
2026,87591,QW,20260101,N,00035.09,N.gonorrhoeae dna amp prob,Detection test by nucleic acid for Neisseria gonorrhoeae (gonorrhoeae,"Infectious agent detection by nucleic acid (dna or rna); neisseria gonorrhoeae, amplified probe technique"
2026,87592,,20260101,N,00042.84,N.gonorrhoeae dna quant,Detection test by nucleic acid for Neisseria gonorrhoeae (gonorrhoeae,"Infectious agent detection by nucleic acid (dna or rna); neisseria gonorrhoeae, quantification"
2026,87593,,20260101,N,00051.31,Orthopoxvirus amp prb each,Detection of orthopoxvirus,"Infectious agent detection by nucleic acid (dna or rna); orthopoxvirus (eg, monkeypox virus, cowpox virus, vaccinia virus), amplified probe technique, each"
2026,87594,,20260101,N,00035.09,Pneumcysts jirovecii amp prb,Detection test by nucleic acid for pneumocystis jirovecii,"Infectious agent detection by nucleic acid (dna or rna); pneumocystis jirovecii, amplified probe technique"
2026,87623,,20260101,N,00035.09,Hpv low-risk types,"Detection test by nucleic acid for human papillomavirus (hpv), low-risk types","Infectious agent detection by nucleic acid (dna or rna); human papillomavirus (hpv), low-risk types (eg, 6, 11, 42, 43, 44)"
2026,87624,,20260101,N,00035.09,Hpv hi-risk typ pooled rslt,"Detection test by nucleic acid for human papillomavirus (hpv), high-risk types","Infectious agent detection by nucleic acid (dna or rna); human papillomavirus (hpv), high-risk types (eg, 16, 18, 31, 33, 35, 39, 45, 51, 52, 56, 58, 59, 68), pooled result"
2026,87625,,20260101,N,00040.55,Hpv types 16 & 18 only,"Detection test by nucleic acid for human papillomavirus (hpv), types 16 and 18","Infectious agent detection by nucleic acid (dna or rna); human papillomavirus (hpv), types 16 and 18 only, includes type 45, if performed"
2026,87626,,20260101,N,00070.20,Hpv sep hi-rsk typ&pool rslt,"Detection test by nucleic acid for Human Papillomavirus (HPV), separately","Infectious agent detection by nucleic acid (dna or rna); human papillomavirus (hpv), separately reported high-risk types (eg, 16, 18, 31, 45, 51, 52) and high-risk pooled result(s)"
2026,87627,,20260101,N,00679.77,Jt spc pthgn&rx rsist gen26+,Detection test for joint space pathogens and drug resistance genes,"Infectious agent detection by nucleic acid (dna or rna); joint space pathogens and drug resistance genes, multiplex amplified probe technique, 26 or more targets"
2026,87631,,20260101,N,00142.63,Resp virus 3-5 targets,"Detection test by nucleic acid for multiple types of respiratory virus,","Infectious agent detection by nucleic acid (dna or rna); respiratory virus (eg, adenovirus, influenza virus, coronavirus, metapneumovirus, parainfluenza virus, respiratory syncytial virus, rhinovirus), includes multiplex reverse transcription, when performed, and multiplex amplified probe technique, multiple types or subtypes, 3-5 targets"
2026,87631,QW,20260101,N,00142.63,Resp virus 3-5 targets,"Detection test by nucleic acid for multiple types of respiratory virus,","Infectious agent detection by nucleic acid (dna or rna); respiratory virus (eg, adenovirus, influenza virus, coronavirus, metapneumovirus, parainfluenza virus, respiratory syncytial virus, rhinovirus), includes multiplex reverse transcription, when performed, and multiplex amplified probe technique, multiple types or subtypes, 3-5 targets"
2026,87632,,20260101,N,00218.06,Resp virus 6-11 targets,"Detection test by nucleic acid for multiple types of respiratory virus,","Infectious agent detection by nucleic acid (dna or rna); respiratory virus (eg, adenovirus, influenza virus, coronavirus, metapneumovirus, parainfluenza virus, respiratory syncytial virus, rhinovirus), includes multiplex reverse transcription, when performed, and multiplex amplified probe technique, multiple types or subtypes, 6-11 targets"
2026,87633,,20260101,N,00416.78,Resp virus 12-25 targets,"Detection test by nucleic acid for multiple types of respiratory virus,","Infectious agent detection by nucleic acid (dna or rna); respiratory virus (eg, adenovirus, influenza virus, coronavirus, metapneumovirus, parainfluenza virus, respiratory syncytial virus, rhinovirus), includes multiplex reverse transcription, when performed, and multiplex amplified probe technique, multiple types or subtypes, 12-25 targets"
2026,87633,QW,20260101,N,00416.78,Resp virus 12-25 targets,"Detection test by nucleic acid for multiple types of respiratory virus,","Infectious agent detection by nucleic acid (dna or rna); respiratory virus (eg, adenovirus, influenza virus, coronavirus, metapneumovirus, parainfluenza virus, respiratory syncytial virus, rhinovirus), includes multiplex reverse transcription, when performed, and multiplex amplified probe technique, multiple types or subtypes, 12-25 targets"
2026,87634,,20260101,N,00070.20,Rsv dna/rna amp probe,"Detection test by nucleic acid for respiratory syncytial virus, amplified probe","Infectious agent detection by nucleic acid (dna or rna); respiratory syncytial virus, amplified probe technique"
2026,87634,QW,20260101,N,00070.20,Rsv dna/rna amp probe,"Detection test by nucleic acid for respiratory syncytial virus, amplified probe","Infectious agent detection by nucleic acid (dna or rna); respiratory syncytial virus, amplified probe technique"
2026,87635,,20260101,N,00051.31,Sars-cov-2 covid-19 amp prb,Amplifed DNA or RNA probe detection of severe acute respiratory syndrome,"Infectious agent detection by nucleic acid (dna or rna); severe acute respiratory syndrome coronavirus 2 (sars-cov-2) (coronavirus disease [covid-19]), amplified probe technique"
2026,87635,QW,20260101,N,00051.31,Sars-cov-2 covid-19 amp prb,Amplifed DNA or RNA probe detection of severe acute respiratory syndrome,"Infectious agent detection by nucleic acid (dna or rna); severe acute respiratory syndrome coronavirus 2 (sars-cov-2) (coronavirus disease [covid-19]), amplified probe technique"
2026,87636,,20260101,N,00142.63,Sarscov2 & inf a&b amp prb,Detection test by multiplex amplified probe technique for severe acute,"Infectious agent detection by nucleic acid (dna or rna); severe acute respiratory syndrome coronavirus 2 (sars-cov-2) (coronavirus disease [covid-19]) and influenza virus types a and b, multiplex amplified probe technique"
2026,87636,QW,20260101,N,00142.63,Sarscov2 & inf a&b amp prb,Detection test by multiplex amplified probe technique for severe acute,"Infectious agent detection by nucleic acid (dna or rna); severe acute respiratory syndrome coronavirus 2 (sars-cov-2) (coronavirus disease [covid-19]) and influenza virus types a and b, multiplex amplified probe technique"
2026,87637,,20260101,N,00142.63,Sarscov2&inf a&b&rsv amp prb,Detection test by multiplex amplified probe technique for severe acute,"Infectious agent detection by nucleic acid (dna or rna); severe acute respiratory syndrome coronavirus 2 (sars-cov-2) (coronavirus disease [covid-19]), influenza virus types a and b, and respiratory syncytial virus, multiplex amplified probe technique"
2026,87637,QW,20260101,N,00142.63,Sarscov2&inf a&b&rsv amp prb,Detection test by multiplex amplified probe technique for severe acute,"Infectious agent detection by nucleic acid (dna or rna); severe acute respiratory syndrome coronavirus 2 (sars-cov-2) (coronavirus disease [covid-19]), influenza virus types a and b, and respiratory syncytial virus, multiplex amplified probe technique"
2026,87638,,20260701,L,00000.00,Iadna dna/rna rubeola measls,Infectious agent detection by nucleic acid (DNA or RNA); rubeola (measles) vir,Infectious agent detection by nucleic acid (dna or rna); rubeola (measles) virus
2026,87640,,20260101,N,00035.09,Staph a dna amp probe,"Detection test by nucleic acid for Staphylococcus aureus (bacteria), amplified","Infectious agent detection by nucleic acid (dna or rna); staphylococcus aureus, amplified probe technique"
2026,87641,,20260101,N,00035.09,Mr-staph dna amp probe,"Detection test by nucleic acid for Staphylococcus aureus, methicillin resistant","Infectious agent detection by nucleic acid (dna or rna); staphylococcus aureus, methicillin resistant, amplified probe technique"
2026,87650,,20260101,N,00020.05,Strep a dna dir probe,"Detection test by nucleic acid for Strep (Streptococcus, group A), direct probe","Infectious agent detection by nucleic acid (dna or rna); streptococcus, group a, direct probe technique"
2026,87650,QW,20260101,N,00020.05,Strep a dna dir probe,"Detection test by nucleic acid for Strep (Streptococcus, group A), direct probe","Infectious agent detection by nucleic acid (dna or rna); streptococcus, group a, direct probe technique"
2026,87651,,20260101,N,00035.09,Strep a dna amp probe,"Detection test by nucleic acid for Strep (Streptococcus, group A), amplified","Infectious agent detection by nucleic acid (dna or rna); streptococcus, group a, amplified probe technique"
2026,87651,QW,20260101,N,00035.09,Strep a dna amp probe,"Detection test by nucleic acid for Strep (Streptococcus, group A), amplified","Infectious agent detection by nucleic acid (dna or rna); streptococcus, group a, amplified probe technique"
2026,87652,,20260101,N,00041.76,Strep a dna quant,"Detection test by nucleic acid for Strep (Streptococcus, group A),","Infectious agent detection by nucleic acid (dna or rna); streptococcus, group a, quantification"
2026,87653,,20260101,N,00035.09,Strep b dna amp probe,"Detection test by nucleic acid for Strep (Streptococcus, group B), amplified","Infectious agent detection by nucleic acid (dna or rna); streptococcus, group b, amplified probe technique"
2026,87660,,20260101,N,00020.05,Trichomonas vagin dir probe,"Detection test by nucleic acid for Trichomonas vaginalis (genital parasite),","Infectious agent detection by nucleic acid (dna or rna); trichomonas vaginalis, direct probe technique"
2026,87661,,20260101,N,00035.09,Trichomonas vaginalis amplif,"Infectious agent detection by nucleic acid (dna or rna); trichomonas vaginalis,","Infectious agent detection by nucleic acid (dna or rna); trichomonas vaginalis, amplified probe technique"
2026,87662,,20260101,N,00051.31,Zika virus dna/rna amp probe,"Detection test by nucleic acid for Zika virus, amplified probe technique","Infectious agent detection by nucleic acid (dna or rna); zika virus, amplified probe technique"
2026,87797,,20260101,N,00030.03,Detect agent nos dna dir,"Detection test by nucleic acid for organism, direct probe technique","Infectious agent detection by nucleic acid (dna or rna), not otherwise specified; direct probe technique, each organism"
2026,87798,,20260101,N,00035.09,Detect agent nos dna amp,"Detection test by nucleic acid for organism, amplified probe technique","Infectious agent detection by nucleic acid (dna or rna), not otherwise specified; amplified probe technique, each organism"
2026,87798,QW,20260701,N,00035.09,Detect agent nos dna amp,"Detection test by nucleic acid for organism, amplified probe technique","Infectious agent detection by nucleic acid (dna or rna), not otherwise specified; amplified probe technique, each organism"
2026,87799,,20260101,N,00042.84,Detect agent nos dna quant,"Detection test by nucleic acid for organism, quantification","Infectious agent detection by nucleic acid (dna or rna), not otherwise specified; quantification, each organism"
2026,87800,,20260101,N,00043.67,Detect agnt mult dna direc,"Detection test by nucleic acid for multiple organisms, direct probe(s) technique","Infectious agent detection by nucleic acid (dna or rna), multiple organisms; direct probe(s) technique"
2026,87801,,20260101,N,00070.20,Detect agnt mult dna ampli,"Detection test by nucleic acid for multiple organisms, amplified probe(s)","Infectious agent detection by nucleic acid (dna or rna), multiple organisms; amplified probe(s) technique"
2026,87801,QW,20260101,N,00070.20,Detect agnt mult dna ampli,"Detection test by nucleic acid for multiple organisms, amplified probe(s)","Infectious agent detection by nucleic acid (dna or rna), multiple organisms; amplified probe(s) technique"
2026,87802,,20260101,N,00012.73,Strep b assay w/optic,"Detection test by immunoassay with direct visual observation for Streptococcus,","Infectious agent antigen detection by immunoassay with direct optical (ie, visual) observation; streptococcus, group b"
2026,87803,,20260101,N,00016.00,Clostridium toxin a w/optic,Detection test by immunoassay with direct visual observation for Clostridium,"Infectious agent antigen detection by immunoassay with direct optical (ie, visual) observation; clostridium difficile toxin a"
2026,87804,,20260101,N,00016.55,Influenza assay w/optic,Detection test by immunoassay with direct visual observation for influenza virus,"Infectious agent antigen detection by immunoassay with direct optical (ie, visual) observation; influenza"
2026,87804,QW,20260101,N,00016.55,Influenza assay w/optic,Detection test by immunoassay with direct visual observation for influenza virus,"Infectious agent antigen detection by immunoassay with direct optical (ie, visual) observation; influenza"
2026,87806,,20260101,N,00032.77,Hiv ag w/hiv1&2 antb w/optic,"Detection test by immunoassay with direct visual observation for HIV-1 antigen,","Infectious agent antigen detection by immunoassay with direct optical (ie, visual) observation; hiv-1 antigen(s), with hiv-1 and hiv-2 antibodies"
2026,87806,QW,20260101,N,00032.77,Hiv ag w/hiv1&2 antb w/optic,"Detection test by immunoassay with direct visual observation for HIV-1 antigen,","Infectious agent antigen detection by immunoassay with direct optical (ie, visual) observation; hiv-1 antigen(s), with hiv-1 and hiv-2 antibodies"
2026,87807,,20260101,N,00013.10,Rsv assay w/optic,Detection test by immunoassay with direct visual observation for respiratory,"Infectious agent antigen detection by immunoassay with direct optical (ie, visual) observation; respiratory syncytial virus"
2026,87807,QW,20260101,N,00013.10,Rsv assay w/optic,Detection test by immunoassay with direct visual observation for respiratory,"Infectious agent antigen detection by immunoassay with direct optical (ie, visual) observation; respiratory syncytial virus"
2026,87808,,20260101,N,00015.29,Trichomonas assay w/optic,Detection test by immunoassay with direct visual observation for Trichomonas,"Infectious agent antigen detection by immunoassay with direct optical (ie, visual) observation; trichomonas vaginalis"
2026,87808,QW,20260101,N,00015.29,Trichomonas assay w/optic,Detection test by immunoassay with direct visual observation for Trichomonas,"Infectious agent antigen detection by immunoassay with direct optical (ie, visual) observation; trichomonas vaginalis"
2026,87809,,20260101,N,00021.76,Adenovirus assay w/optic,Detection test by immunoassay with direct visual observation for adenovirus,"Infectious agent antigen detection by immunoassay with direct optical (ie, visual) observation; adenovirus"
2026,87809,QW,20260101,N,00021.76,Adenovirus assay w/optic,Detection test by immunoassay with direct visual observation for adenovirus,"Infectious agent antigen detection by immunoassay with direct optical (ie, visual) observation; adenovirus"
2026,87810,,20260101,N,00035.29,Chlmyd trach assay w/optic,Detection test by immunoassay with direct visual observation for Chlamydia,"Infectious agent antigen detection by immunoassay with direct optical (ie, visual) observation; chlamydia trachomatis"
2026,87811,,20260101,N,00041.38,Sars-cov-2 covid19 w/optic,Detection test by immunoassay with direct visual observation for severe acute,"Infectious agent antigen detection by immunoassay with direct optical (ie, visual) observation; severe acute respiratory syndrome coronavirus 2 (sars-cov-2) (coronavirus disease [covid-19])"
2026,87811,QW,20260101,N,00041.38,Sars-cov-2 covid19 w/optic,Detection test by immunoassay with direct visual observation for severe acute,"Infectious agent antigen detection by immunoassay with direct optical (ie, visual) observation; severe acute respiratory syndrome coronavirus 2 (sars-cov-2) (coronavirus disease [covid-19])"
2026,87812,,20260101,N,00074.48,Sarscov2&inf typ a&b w/optic,Detection test for severe acute respiratory syndrome coronavirus 2 and,"Infectious agent antigen detection by immunoassay with direct optical (ie, visual) observation; severe acute respiratory syndrome coronavirus 2 (sars-cov-2) (coronavirus disease [covid-19]) and influenza virus types a and b"
2026,87812,QW,20260101,N,00074.48,Sarscov2&inf typ a&b w/optic,Detection test for severe acute respiratory syndrome coronavirus 2 and,"Infectious agent antigen detection by immunoassay with direct optical (ie, visual) observation; severe acute respiratory syndrome coronavirus 2 (sars-cov-2) (coronavirus disease [covid-19]) and influenza virus types a and b"
2026,87850,,20260101,N,00024.56,N. gonorrhoeae assay w/optic,Detection test by immunoassay with direct visual observation for Neisseria,"Infectious agent antigen detection by immunoassay with direct optical (ie, visual) observation; neisseria gonorrhoeae"
2026,87880,,20260101,N,00016.53,Strep a assay w/optic,"Detection test by immunoassay with direct visual observation for Streptococcus,","Infectious agent antigen detection by immunoassay with direct optical (ie, visual) observation; streptococcus, group a"
2026,87880,QW,20260101,N,00016.53,Strep a assay w/optic,"Detection test by immunoassay with direct visual observation for Streptococcus,","Infectious agent antigen detection by immunoassay with direct optical (ie, visual) observation; streptococcus, group a"
2026,87899,,20260101,N,00016.07,Agent nos assay w/optic,Detection test by immunoassay with direct visual observation for other organism,"Infectious agent antigen detection by immunoassay with direct optical (ie, visual) observation; not otherwise specified"
2026,87899,QW,20260101,N,00016.07,Agent nos assay w/optic,Detection test by immunoassay with direct visual observation for other organism,"Infectious agent antigen detection by immunoassay with direct optical (ie, visual) observation; not otherwise specified"
2026,87900,,20260101,N,00130.35,Phenotype infect agent drug,Infectious agent drug susceptibility analysis,Infectious agent drug susceptibility phenotype prediction using regularly updated genotypic bioinformatics
2026,87901,,20260101,N,00257.45,Nfct agt gntyp alys hiv1 rev,Analysis test by nucleic acid for HIV-1 virus,"Infectious agent genotype analysis by nucleic acid (dna or rna); hiv-1, reverse transcriptase and protease regions"
2026,87902,,20260101,N,00257.45,Nfct agt gntyp alys hep c,Analysis test by nucleic acid for Hepatitis C virus,Infectious agent genotype analysis by nucleic acid (dna or rna); hepatitis c virus
2026,87903,,20260101,N,00488.66,Phenotype dna hiv w/culture,"Analysis test by nucleic acid for HIV-1 virus, first through 10 drugs tested","Infectious agent phenotype analysis by nucleic acid (dna or rna) with drug resistance tissue culture analysis, hiv 1; first through 10 drugs tested"
2026,87904,,20260101,N,00026.07,Phenotype dna hiv w/clt add,"Analysis test by nucleic acid for HIV-1 virus, each additional drug tested","Infectious agent phenotype analysis by nucleic acid (dna or rna) with drug resistance tissue culture analysis, hiv 1; each additional drug tested (list separately in addition to code for primary procedure)"
2026,87905,,20260101,N,00012.22,Ia nzmtc actv oth/thn virus,Infectious agent enzymatic activity to detect organism,"Infectious agent enzymatic activity other than virus (eg, sialidase activity in vaginal fluid)"
2026,87905,QW,20260101,N,00012.22,Ia nzmtc actv oth/thn virus,Infectious agent enzymatic activity to detect organism,"Infectious agent enzymatic activity other than virus (eg, sialidase activity in vaginal fluid)"
2026,87906,,20260101,N,00128.73,Nfct agt gntyp alys hiv1,"Analysis test by nucleic acid for HIV-1 virus, other region","Infectious agent genotype analysis by nucleic acid (dna or rna); hiv-1, other region (eg, integrase, fusion)"
2026,87910,,20260101,N,00257.45,Nfct agt gntyp alys cmv,"Analysis test by nucleic acid for cytomegalovirus, cytomegalovirus",Infectious agent genotype analysis by nucleic acid (dna or rna); cytomegalovirus
2026,87912,,20260101,N,00257.45,Nfct agt gntyp alys hep b,Analysis test by nucleic acid for hepatitis b virus,Infectious agent genotype analysis by nucleic acid (dna or rna); hepatitis b virus
2026,87913,,20260101,N,00257.45,Nfct agt gntyp alys sarscov2,Genotype analysis of severe acute respiratory syndrome coronavirus 2 (COVID-19),"Infectious agent genotype analysis by nucleic acid (dna or rna); severe acute respiratory syndrome coronavirus 2 (sars-cov-2) (coronavirus disease [covid-19]), mutation identification in targeted region(s)"
2026,88130,,20260101,N,00017.98,Sex chromatin identification,"Sex identification, Barr bodies",Sex chromatin identification; barr bodies
2026,88140,,20260101,N,00007.99,Sex chromatin identification,"Sex identification, peripheral blood smear","Sex chromatin identification; peripheral blood smear, polymorphonuclear drumsticks"
2026,88142,,20260101,N,00020.26,Cytopath c/v thin layer,"Pap test, manual screening","Cytopathology, cervical or vaginal (any reporting system), collected in preservative fluid, automated thin layer preparation; manual screening under physician supervision"
2026,88143,,20260101,N,00023.04,Cytopath c/v thin layer redo,"Pap test, manual screening and rescreening","Cytopathology, cervical or vaginal (any reporting system), collected in preservative fluid, automated thin layer preparation; with manual screening and rescreening under physician supervision"
2026,88147,,20260101,N,00050.56,Cytopath c/v automated,"Pap test (Pap smear), automated system","Cytopathology smears, cervical or vaginal; screening by automated system under physician supervision"
2026,88148,,20260101,N,00018.54,Cytopath c/v auto rescreen,"Pap test (Pap smear), automated system with manual rescreening","Cytopathology smears, cervical or vaginal; screening by automated system with manual rescreening under physician supervision"
2026,88150,,20260101,N,00018.54,Cytopath c/v manual,"Pap test, slides, manual screening","Cytopathology, slides, cervical or vaginal; manual screening under physician supervision"
2026,88152,,20260101,N,00027.64,Cytopath c/v auto redo,"Pap test, slides, automated system with computer-assisted rescreening","Cytopathology, slides, cervical or vaginal; with manual screening and computer-assisted rescreening under physician supervision"
2026,88153,,20260101,N,00024.03,Cytopath c/v redo,"Pap test, slides, manual screening and rescreening","Cytopathology, slides, cervical or vaginal; with manual screening and rescreening under physician supervision"
2026,88155,,20260101,N,00014.65,Cytopath c/v index add-on,"Pap test, slides, definitive hormonal evaluation","Cytopathology, slides, cervical or vaginal, definitive hormonal evaluation (eg, maturation index, karyopyknotic index, estrogenic index) (list separately in addition to code[s] for other technical and interpretation services)"
2026,88164,,20260101,N,00018.54,Cytopath tbs c/v manual,"Pap test, slides, manual screening (the Bethesda System)","Cytopathology, slides, cervical or vaginal (the bethesda system); manual screening under physician supervision"
2026,88165,,20260101,N,00042.22,Cytopath tbs c/v redo,"Pap test, slides, manual screening and rescreening (the Bethesda System)","Cytopathology, slides, cervical or vaginal (the bethesda system); with manual screening and rescreening under physician supervision"
2026,88166,,20260101,N,00018.54,Cytopath tbs c/v auto redo,"Pap test, slides, manual screening and computer-assisted rescreening (the","Cytopathology, slides, cervical or vaginal (the bethesda system); with manual screening and computer-assisted rescreening under physician supervision"
2026,88167,,20260101,N,00018.54,Cytopath tbs c/v select,"Pap test, slides, manual screening and computer-assisted rescreening using cell","Cytopathology, slides, cervical or vaginal (the bethesda system); with manual screening and computer-assisted rescreening using cell selection and review under physician supervision"
2026,88174,,20260101,N,00025.37,Cytopath c/v auto in fluid,"Pap test, automated thin layer preparation; automated system","Cytopathology, cervical or vaginal (any reporting system), collected in preservative fluid, automated thin layer preparation; screening by automated system, under physician supervision"
2026,88175,,20260101,N,00026.61,Cytopath c/v auto fluid redo,"Pap test, automated thin layer preparation; automated system and manual","Cytopathology, cervical or vaginal (any reporting system), collected in preservative fluid, automated thin layer preparation; with screening by automated system and manual rescreening or review, under physician supervision"
2026,88230,,20260101,N,00116.49,Tissue culture lymphocyte,Tissue culture to identify white blood cell disorders,Tissue culture for non-neoplastic disorders; lymphocyte
2026,88233,,20260101,N,00140.73,Tissue culture skin/biopsy,Tissue culture to identify skin disorders,Tissue culture for non-neoplastic disorders; skin or other solid tissue biopsy
2026,88235,,20260101,N,00150.30,Tissue culture placenta,Tissue culture for disorders of amniotic fluid or placenta cells,Tissue culture for non-neoplastic disorders; amniotic fluid or chorionic villus cells
2026,88237,,20260101,N,00143.75,Tissue culture bone marrow,Tissue culture for tumor disorders of bone marrow and blood cells,"Tissue culture for neoplastic disorders; bone marrow, blood cells"
2026,88239,,20260101,N,00147.52,Tissue culture tumor,Tissue culture for tumor disorders,Tissue culture for neoplastic disorders; solid tumor
2026,88240,,20260101,N,00013.07,Cell cryopreserve/storage,"Cryopreservation, freezing and storage of cells","Cryopreservation, freezing and storage of cells, each cell line"
2026,88241,,20260101,N,00012.09,Frozen cell preparation,Thawing and expansion of frozen cells,"Thawing and expansion of frozen cells, each aliquot"
2026,88245,,20260101,N,00173.17,Chromosome analysis 20-25,"Chromosome analysis for genetic defects, baseline Sister Chromatid Exchange","Chromosome analysis for breakage syndromes; baseline sister chromatid exchange (sce), 20-25 cells"
2026,88248,,20260101,N,00173.17,Chromosome analysis 50-100,"Chromosome analysis for genetic defects, baseline breakage, score 50-100 cells,","Chromosome analysis for breakage syndromes; baseline breakage, score 50-100 cells, count 20 cells, 2 karyotypes (eg, for ataxia telangiectasia, fanconi anemia, fragile x)"
2026,88249,,20260101,N,00173.17,Chromosome analysis 100,"Chromosome analysis for genetic defects, score 100 cells, clastogen stress","Chromosome analysis for breakage syndromes; score 100 cells, clastogen stress (eg, diepoxybutane, mitomycin c, ionizing radiation, uv radiation)"
2026,88261,,20260101,N,00264.34,Chromosome analysis 5,"Chromosome analysis for genetic defects, count 5 cells","Chromosome analysis; count 5 cells, 1 karyotype, with banding"
2026,88262,,20260101,N,00125.49,Chromosome analysis 15-20,"Chromosome analysis for genetic defects, count 15-20 cells","Chromosome analysis; count 15-20 cells, 2 karyotypes, with banding"
2026,88263,,20260101,N,00150.29,Chromosome analysis 45,"Chromosome analysis for genetic defects, count 45 cells for mosaicism","Chromosome analysis; count 45 cells for mosaicism, 2 karyotypes, with banding"
2026,88264,,20260101,N,00144.61,Chromosome analysis 20-25,"Chromosome analysis for genetic defects, analyze 20-25 cells",Chromosome analysis; analyze 20-25 cells
2026,88267,,20260101,N,00188.57,Chromosome analys placenta,Chromosome analysis of amniotic fluid or placenta for genetic defects,"Chromosome analysis, amniotic fluid or chorionic villus, count 15 cells, 1 karyotype, with banding"
2026,88269,,20260101,N,00173.66,Chromosome analys amniotic,Chromosome analysis of amniotic fluid for genetic defects,"Chromosome analysis, in situ for amniotic fluid cells, count cells from 6-12 colonies, 1 karyotype, with banding"
2026,88271,,20260101,N,00021.42,Cytogenetics dna probe,DNA testing for genetic defects,"Molecular cytogenetics; dna probe, each (eg, fish)"
2026,88272,,20260101,N,00040.70,Cytogenetics 3-5,"Chromosome analysis for genetic defects, analyze 3-5 cells","Molecular cytogenetics; chromosomal in situ hybridization, analyze 3-5 cells (eg, for derivatives and markers)"
2026,88273,,20260101,N,00034.81,Cytogenetics 10-30,"Chromosome analysis for genetic defects, analyze 10-30 cells","Molecular cytogenetics; chromosomal in situ hybridization, analyze 10-30 cells (eg, for microdeletions)"
2026,88274,,20260101,N,00042.38,Cytogenetics 25-99,"Chromosome analysis for genetic defects, analyze 25-99 cells","Molecular cytogenetics; interphase in situ hybridization, analyze 25-99 cells"
2026,88275,,20260101,N,00051.19,Cytogenetics 100-300,"Chromosome analysis for genetic defects, analyze 100-300 cells","Molecular cytogenetics; interphase in situ hybridization, analyze 100-300 cells"
2026,88280,,20260101,N,00033.47,Chromosome karyotype study,"Chromosome analysis for genetic defects, additional karyotypes, each study","Chromosome analysis; additional karyotypes, each study"
2026,88283,,20260101,N,00068.60,Chromosome banding study,"Chromosome analysis for genetic defects, additional specialized banding","Chromosome analysis; additional specialized banding technique (eg, nor, c-banding)"
2026,88285,,20260101,N,00026.91,Chromosome count additional,"Chromosome analysis for genetic defects, additional cells counted, each study","Chromosome analysis; additional cells counted, each study"
2026,88289,,20260101,N,00034.43,Chromosome study additional,"Chromosome analysis for genetic defects, additional high resolution study",Chromosome analysis; additional high resolution study
2026,88371,,20260101,N,00022.23,Protein western blot tissue,Protein analysis of tissue with interpretation and report,"Protein analysis of tissue by western blot, with interpretation and report;"
2026,88372,,20260101,N,00026.22,Protein analysis w/probe,"Protein analysis of tissue by western blot, with interpretation and report","Protein analysis of tissue by western blot, with interpretation and report; immunological probe for band identification, each"
2026,88720,,20260101,N,00005.02,Bilirubin total transcut,Measurement of bilirubin,"Bilirubin, total, transcutaneous"
2026,88738,,20260101,N,00005.02,Hgb quant transcutaneous,Hemoglobin measurement,"Hemoglobin (hgb), quantitative, transcutaneous"
2026,88740,,20260101,N,00009.37,Transcutaneous carboxyhb,"Hemoglobin measurement, per day","Hemoglobin, quantitative, transcutaneous, per day; carboxyhemoglobin"
2026,88741,,20260101,N,00009.37,Transcutaneous methb,"Hemoglobin measurement, per day, methemoglobin","Hemoglobin, quantitative, transcutaneous, per day; methemoglobin"
2026,89050,,20260101,N,00004.72,Body fluid cell count,Body fluid cell count,"Cell count, miscellaneous body fluids (eg, cerebrospinal fluid, joint fluid), except blood;"
2026,89051,,20260101,N,00005.60,Body fluid cell count,Body fluid cell count with cell identification,"Cell count, miscellaneous body fluids (eg, cerebrospinal fluid, joint fluid), except blood; with differential count"
2026,89055,,20260101,N,00004.27,Leukocyte assessment fecal,"White blood cell measure, stool specimen","Leukocyte assessment, fecal, qualitative or semiquantitative"
2026,89060,,20260101,N,00007.33,Exam synovial fluid crystals,Crystal identification from tissue or body fluid,"Crystal identification by light microscopy with or without polarizing lens analysis, tissue or any body fluid (except urine)"
2026,89125,,20260101,N,00005.88,Specimen fat stain,"Fat stain of stool, urine, or respiratory secretions","Fat stain, feces, urine, or respiratory secretions"
2026,89160,,20260101,N,00004.85,Exam feces for meat fibers,Examination of stool for meat fibers,"Meat fibers, feces"
2026,89190,,20260101,N,00005.79,Nasal smear for eosinophils,Nasal smear for eosinophils (allergy related white blood cells),Nasal smear for eosinophils
2026,89300,,20260101,N,00009.84,Semen analysis w/huhner,Semen analysis presence and/or motility of sperm,Semen analysis; presence and/or motility of sperm including huhner test (post coital)
2026,89300,QW,20260101,N,00009.84,Semen analysis w/huhner,Semen analysis presence and/or motility of sperm,Semen analysis; presence and/or motility of sperm including huhner test (post coital)
2026,89310,,20260101,N,00008.61,Semen analysis w/count,Semen analysis motility and count,Semen analysis; motility and count (not including huhner test)
2026,89320,,20260101,N,00012.31,Semen anal vol/count/mot,"Semen evaluation volume, sperm count, motility and analysis","Semen analysis; volume, count, motility, and differential"
2026,89321,,20260101,N,00012.05,Semen anal sperm detection,Semen analysis for sperm presence,"Semen analysis; sperm presence and motility of sperm, if performed"
2026,89321,QW,20260101,N,00012.05,Semen anal sperm detection,Semen analysis for sperm presence,"Semen analysis; sperm presence and motility of sperm, if performed"
2026,89322,,20260101,N,00015.50,Semen anal strict criteria,"Semen evaluation, volume, sperm count, motility, and analysis","Semen analysis; volume, count, motility, and differential using strict morphologic criteria (eg, kruger)"
2026,89325,,20260101,N,00010.67,Sperm antibody test,Sperm antibody measurement,Sperm antibodies
2026,89329,,20260101,N,00019.59,Sperm evaluation test,"Sperm evaluation, hamster penetration test",Sperm evaluation; hamster penetration test
2026,89330,,20260101,N,00010.38,Evaluation cervical mucus,"Sperm evaluation, cervical mucus penetration test","Sperm evaluation; cervical mucus penetration test, with or without spinnbarkeit test"
2026,89331,,20260101,N,00019.59,Retrograde ejaculation anal,"Sperm evaluation, for reverse ejaculation, urine specimen","Sperm evaluation, for retrograde ejaculation, urine (sperm concentration, motility, and morphology, as indicated)"
2026,G0027,,20260101,N,00006.50,Semen analysis,Semen analysis; presence and/or motility of sperm excluding huhner,Semen analysis; presence and/or motility of sperm excluding huhner
2026,G0103,,20260101,N,00019.31,Psa screening,Prostate cancer screening; prostate specific antigen test (psa),Prostate cancer screening; prostate specific antigen test (psa)
2026,G0123,,20260101,N,00020.26,Screen cerv/vag thin layer,"Screening cytopathology, cervical or vaginal (any reporting system), collected","Screening cytopathology, cervical or vaginal (any reporting system), collected in preservative fluid, automated thin layer preparation, screening by cytotechnologist under physician supervision"
2026,G0143,,20260101,N,00027.05,"Scr c/v cyto,thinlayer,rescr","Screening cytopathology, cervical or vaginal (any reporting system), collected","Screening cytopathology, cervical or vaginal (any reporting system), collected in preservative fluid, automated thin layer preparation, with manual screening and rescreening by cytotechnologist under physician supervision"
2026,G0144,,20260101,N,00043.97,"Scr c/v cyto,thinlayer,rescr","Screening cytopathology, cervical or vaginal (any reporting system), collected","Screening cytopathology, cervical or vaginal (any reporting system), collected in preservative fluid, automated thin layer preparation, with screening by automated system, under physician supervision"
2026,G0145,,20260101,N,00026.49,"Scr c/v cyto,thinlayer,rescr","Screening cytopathology, cervical or vaginal (any reporting system), collected","Screening cytopathology, cervical or vaginal (any reporting system), collected in preservative fluid, automated thin layer preparation, with screening by automated system and manual rescreening under physician supervision"
2026,G0147,,20260101,N,00018.54,"Scr c/v cyto, automated sys","Screening cytopathology smears, cervical or vaginal, performed by automated","Screening cytopathology smears, cervical or vaginal, performed by automated system under physician supervision"
2026,G0148,,20260101,N,00031.94,"Scr c/v cyto, autosys, rescr","Screening cytopathology smears, cervical or vaginal, performed by automated","Screening cytopathology smears, cervical or vaginal, performed by automated system with manual rescreening"
2026,G0306,,20260101,N,00007.77,Cbc/diffwbc w/o platelet,"Complete cbc, automated (hgb, hct, rbc, wbc, without platelet count) and","Complete cbc, automated (hgb, hct, rbc, wbc, without platelet count) and automated wbc differential count"
2026,G0307,,20260101,N,00006.47,Cbc without platelet,"Complete (cbc), automated (hgb, hct, rbc, wbc; without platelet count)","Complete (cbc), automated (hgb, hct, rbc, wbc; without platelet count)"
2026,G0327,,20260101,L,00000.00,Colon ca scrn;bld-bsd biomrk,Colorectal cancer screening; blood-based biomarker,Colorectal cancer screening; blood-based biomarker
2026,G0328,,20260101,N,00018.05,Fecal blood scrn immunoassay,"Colorectal cancer screening; fecal occult blood test, immunoassay, 1-3","Colorectal cancer screening; fecal occult blood test, immunoassay, 1-3 simultaneous"
2026,G0328,QW,20260101,N,00018.05,Fecal blood scrn immunoassay,"Colorectal cancer screening; fecal occult blood test, immunoassay, 1-3","Colorectal cancer screening; fecal occult blood test, immunoassay, 1-3 simultaneous"
2026,G0432,,20260101,N,00019.57,Eia hiv-1/hiv-2 screen,"Infectious agent antibody detection by enzyme immunoassay (eia) technique,","Infectious agent antibody detection by enzyme immunoassay (eia) technique, hiv-1 and/or hiv-2, screening"
2026,G0433,,20260101,N,00018.29,Elisa hiv-1/hiv-2 screen,Infectious agent antibody detection by enzyme-linked immunosorbent assay,"Infectious agent antibody detection by enzyme-linked immunosorbent assay (elisa) technique, hiv-1 and/or hiv-2, screening"
2026,G0433,QW,20260101,N,00018.29,Elisa hiv-1/hiv-2 screen,Infectious agent antibody detection by enzyme-linked immunosorbent assay,"Infectious agent antibody detection by enzyme-linked immunosorbent assay (elisa) technique, hiv-1 and/or hiv-2, screening"
2026,G0435,,20260101,N,00011.98,Oral hiv-1/hiv-2 screen,"Infectious agent antibody detection by rapid antibody test, hiv-1 and/or hiv-2,","Infectious agent antibody detection by rapid antibody test, hiv-1 and/or hiv-2, screening"
2026,G0471,,20260101,N,00011.34,Ven blood coll snf/hha,Collection of venous blood by venipuncture or urine sample by catheterization,Collection of venous blood by venipuncture or urine sample by catheterization from an individual in a skilled nursing facility (snf) or by a laboratory on behalf of a home health agency (hha)
2026,G0472,,20260101,N,00046.35,Hep c screen high risk/other,"Hepatitis c antibody screening, for individual at high risk and other covered","Hepatitis c antibody screening, for individual at high risk and other covered indication(s)"
2026,G0472,QW,20260101,N,00046.35,Hep c screen high risk/other,"Hepatitis c antibody screening, for individual at high risk and other covered","Hepatitis c antibody screening, for individual at high risk and other covered indication(s)"
2026,G0475,,20260101,N,00024.08,Hiv combination assay,"Hiv antigen/antibody, combination assay, screening","Hiv antigen/antibody, combination assay, screening"
2026,G0475,QW,20260101,N,00024.08,Hiv combination assay,"Hiv antigen/antibody, combination assay, screening","Hiv antigen/antibody, combination assay, screening"
2026,G0476,,20260101,N,00035.09,Hpv combo assay ca screen,Infectious agent detection by nucleic acid (dna or rna); human papillomavirus,"Infectious agent detection by nucleic acid (dna or rna); human papillomavirus (hpv), high-risk types (e.g., 16, 18, 31, 33, 35, 39, 45, 51, 52, 56, 58, 59, 68) for cervical cancer screening, must be performed in addition to pap test"
2026,G0480,,20260101,N,00114.43,Drug test def 1-7 classes,"Drug test(s), definitive, utilizing (1) drug identification methods able to","Drug test(s), definitive, utilizing (1) drug identification methods able to identify individual drugs and distinguish between structural isomers (but not necessarily stereoisomers), including, but not limited to gc/ms (any type, single or tandem) and lc/ms (any type, single or tandem and excluding immunoassays (e.g., ia, eia, elisa, emit, fpia) and enzymatic methods (e.g., alcohol dehydrogenase)), (2) stable isotope or other universally recognized internal standards in all samples (e.g., to control for matrix effects, interferences and variations in signal strength), and (3) method or drug-specific calibration and matrix-matched quality control material (e.g., to control for instrument variations and mass spectral drift); qualitative or quantitative, all sources, includes specimen validity testing, per day; 1-7 drug class(es), including metabolite(s) if performed"
2026,G0481,,20260101,N,00156.59,Drug test def 8-14 classes,"Drug test(s), definitive, utilizing (1) drug identification methods able to","Drug test(s), definitive, utilizing (1) drug identification methods able to identify individual drugs and distinguish between structural isomers (but not necessarily stereoisomers), including, but not limited to gc/ms (any type, single or tandem) and lc/ms (any type, single or tandem and excluding immunoassays (e.g., ia, eia, elisa, emit, fpia) and enzymatic methods (e.g., alcohol dehydrogenase)), (2) stable isotope or other universally recognized internal standards in all samples (e.g., to control for matrix effects, interferences and variations in signal strength), and (3) method or drug-specific calibration and matrix-matched quality control material (e.g., to control for instrument variations and mass spectral drift); qualitative or quantitative, all sources, includes specimen validity testing, per day; 8-14 drug class(es), including metabolite(s) if performed"
2026,G0482,,20260101,N,00198.74,Drug test def 15-21 classes,"Drug test(s), definitive, utilizing (1) drug identification methods able to","Drug test(s), definitive, utilizing (1) drug identification methods able to identify individual drugs and distinguish between structural isomers (but not necessarily stereoisomers), including, but not limited to gc/ms (any type, single or tandem) and lc/ms (any type, single or tandem and excluding immunoassays (e.g., ia, eia, elisa, emit, fpia) and enzymatic methods (e.g., alcohol dehydrogenase)), (2) stable isotope or other universally recognized internal standards in all samples (e.g., to control for matrix effects, interferences and variations in signal strength), and (3) method or drug-specific calibration and matrix-matched quality control material (e.g., to control for instrument variations and mass spectral drift); qualitative or quantitative, all sources, includes specimen validity testing, per day; 15-21 drug class(es), including metabolite(s) if performed"
2026,G0483,,20260101,N,00246.92,Drug test def 22+ classes,"Drug test(s), definitive, utilizing (1) drug identification methods able to","Drug test(s), definitive, utilizing (1) drug identification methods able to identify individual drugs and distinguish between structural isomers (but not necessarily stereoisomers), including, but not limited to gc/ms (any type, single or tandem) and lc/ms (any type, single or tandem and excluding immunoassays (e.g., ia, eia, elisa, emit, fpia) and enzymatic methods (e.g., alcohol dehydrogenase)), (2) stable isotope or other universally recognized internal standards in all samples (e.g., to control for matrix effects, interferences and variations in signal strength), and (3) method or drug-specific calibration and matrix-matched quality control material (e.g., to control for instrument variations and mass spectral drift); qualitative or quantitative, all sources, includes specimen validity testing, per day; 22 or more drug class(es), including metabolite(s) if performed"
2026,G0499,,20260101,N,00028.27,Hepb screen high risk indiv,"Hepatitis b screening in non-pregnant, high risk individual includes hepatitis","Hepatitis b screening in non-pregnant, high risk individual includes hepatitis b surface antigen (hbsag), antibodies to hbsag (anti-hbs) and antibodies to hepatitis b core antigen (anti-hbc), and is followed by a neutralizing confirmatory test, when performed, only for an initially reactive hbsag result"
2026,G0567,,20260101,N,00035.09,Screening hep c detect,"Infectious agent detection by nucleic acid (dna or rna); hepatitis c,","Infectious agent detection by nucleic acid (dna or rna); hepatitis c, screening, amplified probe technique"
2026,G0567,QW,20260101,N,00035.09,Screening hep c detect,"Infectious agent detection by nucleic acid (dna or rna); hepatitis c,","Infectious agent detection by nucleic acid (dna or rna); hepatitis c, screening, amplified probe technique"
2026,G0659,,20260101,N,00062.14,Drug test def simple all cl,"Drug test(s), definitive, utilizing drug identification methods able to","Drug test(s), definitive, utilizing drug identification methods able to identify individual drugs and distinguish between structural isomers (but not necessarily stereoisomers), including but not limited to gc/ms (any type, single or tandem) and lc/ms (any type, single or tandem), excluding immunoassays (e.g., ia, eia, elisa, emit, fpia) and enzymatic methods (e.g., alcohol dehydrogenase), performed without method or drug-specific calibration, without matrix-matched quality control material, or without use of stable isotope or other universally recognized internal standard(s) for each drug, drug metabolite or drug class per specimen; qualitative or quantitative, all sources, includes specimen validity testing, per day, any number of drug classes"
2026,G9143,,20260101,N,00120.72,Warfarin respon genetic test,"Warfarin responsiveness testing by genetic technique using any method, any","Warfarin responsiveness testing by genetic technique using any method, any number of specimen(s)"
2026,P2028,,20260101,N,00004.95,Cephalin floculation test,"Cephalin floculation, blood","Cephalin floculation, blood"
2026,P2029,,20260101,N,00004.95,Congo red blood test,"Congo red, blood","Congo red, blood"
2026,P2031,,20260101,N,00004.95,Hair analysis,Hair analysis (excluding arsenic),Hair analysis (excluding arsenic)
2026,P2033,,20260101,N,00004.95,Blood thymol turbidity,"Thymol turbidity, blood","Thymol turbidity, blood"
2026,P2038,,20260101,N,00004.95,Blood mucoprotein,"Mucoprotein, blood (seromucoid) (medical necessity procedure)","Mucoprotein, blood (seromucoid) (medical necessity procedure)"
2026,P3000,,20260101,N,00018.54,Screen pap by tech w md supv,"Screening papanicolaou smear, cervical or vaginal, up to three smears, by","Screening papanicolaou smear, cervical or vaginal, up to three smears, by technician under physician supervision"
2026,P9612,,20260101,N,00009.34,Catheterize for urine spec,"Catheterization for collection of specimen, single patient, all places of","Catheterization for collection of specimen, single patient, all places of service"
2026,P9615,,20260101,N,00009.34,Urine specimen collect mult,Catheterization for collection of specimen(s) (multiple patients),Catheterization for collection of specimen(s) (multiple patients)
2026,Q0111,,20260101,N,00018.54,Wet mounts/ w preparations,"Wet mounts, including preparations of vaginal, cervical or skin specimens","Wet mounts, including preparations of vaginal, cervical or skin specimens"
2026,Q0112,,20260101,N,00005.83,Potassium hydroxide preps,All potassium hydroxide (koh) preparations,All potassium hydroxide (koh) preparations
2026,Q0113,,20260101,N,00004.27,Pinworm examinations,Pinworm examinations,Pinworm examinations
2026,Q0114,,20260101,N,00009.74,Fern test,Fern test,Fern test
2026,Q0115,,20260101,N,00025.00,Post-coital mucous exam,"Post-coital direct, qualitative examinations of vaginal or cervical mucous","Post-coital direct, qualitative examinations of vaginal or cervical mucous"
2026,U0001,,20260101,N,00035.92,2019-ncov diagnostic p,Cdc 2019 novel coronavirus (2019-ncov) real-time rt-pcr diagnostic panel,Cdc 2019 novel coronavirus (2019-ncov) real-time rt-pcr diagnostic panel
2026,U0002,,20260101,N,00051.31,Covid-19 lab test non-cdc,"2019-ncov coronavirus, sars-cov-2/2019-ncov (covid-19), any technique, multiple","2019-ncov coronavirus, sars-cov-2/2019-ncov (covid-19), any technique, multiple types or subtypes (includes all targets), non-cdc"
2026,U0002,QW,20260101,N,00051.31,Covid-19 lab test non-cdc,"2019-ncov coronavirus, sars-cov-2/2019-ncov (covid-19), any technique, multiple","2019-ncov coronavirus, sars-cov-2/2019-ncov (covid-19), any technique, multiple types or subtypes (includes all targets), non-cdc"
